81.09069335460663
42.48453974723816
40.549610644578934
37.46035388112068
37.05757847428322
36.16504147648811
32.69161115586758
33.661903485655785
32.209080174565315
32.39213253557682
32.042419120669365
30.208609461784363
31.48188892006874
31.03100299835205
28.71761643886566
28.50869856774807
27.871376797556877
28.387840688228607
29.145627662539482
28.345270961523056
27.640989035367966
26.719382017850876
27.812383726239204
27.74877691268921
27.402742460370064
24.742093548178673
26.794804021716118
25.69605239480734
26.63189221918583
26.188675776124
25.3297186344862
31.0825387686491
27.463893115520477
28.153825148940086
26.403023838996887
25.874100610613823
26.576411426067352
24.3840813934803
24.15252135694027
24.628476828336716
24.7042139172554
24.77776351571083
25.162896990776062
23.179322354495525
21.54412930458784
24.12149292975664
22.55670554935932
24.532364279031754
22.867085859179497
23.899620607495308
23.47921324521303
22.982925437390804
22.253739945590496
22.37276801466942
22.595623910427094
22.42824523150921
22.282969504594803
22.4726749882102
22.089578323066235
22.610144712030888
21.246820278465748
21.90782855451107
29.968551993370056
27.44894304871559
27.18671803176403
26.527664586901665
25.894496753811836
25.85292525589466
26.393305107951164
25.716186597943306
25.530120491981506
24.46580846607685
23.256018176674843
23.891489423811436
24.498335361480713
23.668139934539795
24.34187128394842
23.77188730239868
24.226579666137695
22.78986130654812
23.22341465204954
22.093303576111794
23.711252003908157
22.884501442313194
24.11878515779972
22.717511788010597
23.31842715293169
23.345721051096916
22.006687074899673
23.432473443448544
23.3982957303524
22.630639888346195
28.133929431438446
26.418911434710026
24.96300895512104
24.310539908707142
24.649838253855705
23.714654877781868
25.240090556442738
23.504011780023575
24.141154028475285
23.922891855239868
22.04104284197092
23.129310712218285
23.224694691598415
22.625267066061497
23.080958232283592
22.66342769563198
22.079297684133053
22.90054038912058
21.13213288038969
23.80760247260332
22.28288161754608
21.66958037018776
21.42886433750391
21.857494331896305
21.220336981117725
22.259311690926552
21.6178622469306
21.83064265549183
22.364276237785816
20.825439393520355
21.9166497066617
26.084054075181484
24.220818556845188
22.60802474617958
22.599532052874565
22.094938956201077
22.093187138438225
21.60660643130541
21.346122957766056
20.393366917967796
21.528483539819717
21.956193156540394
21.6068417429924
20.32365407049656
21.171095103025436
20.48379050195217
19.872247740626335
19.322954893112183
19.82944479584694
19.86148887127638
21.01715361326933
20.134009212255478
19.557346262037754
19.053542397916317
18.780115708708763
21.344234958291054
20.397389642894268
19.54539641737938
20.348189003765583
20.491554405540228
19.8518054112792
19.381119556725025
28.268493726849556
24.717659018933773
24.065890982747078
23.886841282248497
22.707111783325672
22.19906261563301
23.526495449244976
23.543911539018154
22.57325154542923
22.622731000185013
22.62536944448948
21.1709740832448
21.862400107085705
22.287377148866653
20.805553548038006
21.72186206281185
20.739067383110523
21.434101715683937
19.930613338947296
21.316579543054104
21.701149754226208
21.27195294946432
21.450379870831966
21.467855632305145
21.636048711836338
20.650119580328465
22.05368684232235
20.11937625706196
20.260001316666603
20.254840053617954
27.14420884847641
24.530746467411518
22.744802214205265
22.667128197848797
23.361786358058453
21.12913852185011
21.871788203716278
22.115491092205048
22.907046295702457
22.402456857264042
21.132945775985718
21.508719876408577
20.866188272833824
20.172911576926708
20.804579339921474
21.057338781654835
19.81531250476837
20.99021165072918
20.34085900336504
20.109327986836433
20.510878823697567
20.544594958424568
19.778811682015657
19.589397758245468
21.013776049017906
20.526029616594315
20.155382081866264
20.758799239993095
19.370857074856758
19.507971540093422
20.341929391026497
25.085919313132763
23.059047803282738
21.38986910134554
20.33294177055359
21.212481021881104
20.785466335713863
20.363739535212517
20.626621820032597
19.51535651087761
18.527900204062462
19.32979580760002
19.776835218071938
19.465551488101482
19.413185499608517
19.322616942226887
19.470894776284695
18.940762646496296
18.93278267234564
19.700638093054295
19.83826783299446
19.168875753879547
18.824895977973938
18.51669728755951
18.851300723850727
18.612513162195683
19.355146653950214
18.582640659064054
17.877395950257778
19.675420992076397
18.73667334765196
18.711040388792753
25.384039476513863
23.933386638760567
22.77980136871338
23.32592949271202
20.894117780029774
21.09464953094721
22.111834198236465
21.767685517668724
21.318375200033188
21.352974362671375
20.738738041371107
20.861475884914398
20.720247521996498
20.203485816717148
20.649227611720562
20.485602162778378
20.495252691209316
21.414168640971184
20.79728865623474
20.829771541059017
20.52390881627798
19.599709577858448
19.331486150622368
19.241237178444862
19.29830913245678
20.605207107961178
18.320692732930183
20.349083177745342
21.20912116765976
20.523234389722347
26.35086101293564
24.115608416497707
22.287408486008644
21.851095229387283
22.108473673462868
21.928388632833958
20.244497135281563
20.83429826796055
21.36033882945776
19.04179383814335
20.105146937072277
19.72012358903885
19.33969432860613
20.316437609493732
20.494228690862656
19.688457407057285
19.93701783567667
19.60542868077755
19.036563597619534
19.717234276235104
19.30857238918543
19.993185587227345
19.742135748267174
19.730933606624603
18.958617620170116
18.664862170815468
18.92242043465376
19.84711729735136
18.227209508419037
20.640603445470333
19.148752711713314
23.338814295828342
21.92024900764227
20.968744203448296
21.428926803171635
20.137161634862423
19.853424191474915
19.313097216188908
19.206997245550156
18.831056341528893
19.120663966983557
19.432597130537033
18.04826421290636
18.304497115314007
18.618252031505108
18.268612802028656
16.70317317545414
18.03250227123499
18.526643827557564
17.949534133076668
20.367709800601006
17.48737471550703
17.776537463068962
17.641819395124912
18.143456164747477
19.306979410350323
18.548986487090588
17.989108324050903
18.952157955616713
18.002116829156876
16.952797196805477
17.538339138031006
25.300819270312786
23.06446909159422
21.669805496931076
21.49785877764225
20.46512319892645
20.26377124339342
21.055530436336994
21.417683206498623
19.94743360579014
20.44159583747387
20.579244263470173
20.43330640345812
19.92266935110092
19.830311335623264
19.841143883764744
19.239995434880257
20.35639836639166
19.117541149258614
18.91049776226282
20.424634784460068
20.396127112209797
19.085904955863953
19.62556630373001
19.70399748533964
19.227122902870178
19.361729115247726
18.913169026374817
19.748745661228895
20.24359991401434
19.524369314312935
25.203067243099213
21.529847659170628
21.064413234591484
21.32508707791567
21.89454298466444
20.672801680862904
19.666408464312553
21.1406701952219
21.53154221177101
20.062876276671886
19.030866838991642
20.497064471244812
19.5988117903471
20.73218212276697
18.79180283844471
18.813733525574207
19.385146617889404
18.649615347385406
19.44459170103073
18.886905908584595
18.629840172827244
19.62602288275957
18.70448426157236
18.65930549055338
18.497050009667873
19.028922364115715
18.30761257559061
18.638802245259285
19.136394545435905
18.011736780405045
19.123710051178932
22.85322004556656
21.10324175655842
20.31729681789875
19.47239948809147
18.919945798814297
19.383791856467724
18.914649985730648
19.269185408949852
19.57212944328785
17.54970309138298
18.232245549559593
18.37557354569435
19.220933809876442
17.852569729089737
16.93074658513069
18.98042345792055
18.30875915288925
18.581751376390457
17.64178916439414
16.23100846260786
17.467544991523027
17.745778046548367
18.21644189953804
16.78024134039879
16.983403097838163
16.908612187951803
16.247129138559103
18.12783731520176
17.089802607893944
17.77927127480507
17.41529816016555
24.144708655774593
21.412198953330517
22.232743844389915
20.29578098654747
20.410032398998737
21.181425385177135
20.12391184270382
20.757412672042847
19.356926009058952
20.10608684271574
20.464379586279392
19.667996138334274
19.464334294199944
19.985119745135307
20.338513446971774
19.639940038323402
19.988370813429356
19.086005680263042
19.48495612293482
18.758515998721123
20.33907914161682
20.517516538500786
18.18706427514553
18.573631808161736
19.2763916477561
18.968590818345547
19.436150524765253
18.310452055186033
19.0534690245986
19.158008314669132
24.60030620545149
20.953518986701965
20.773277081549168
20.444422714412212
21.00709690898657
20.509411834180355
20.415379278361797
18.73315081000328
19.72692210227251
18.680290780961514
19.471324682235718
19.5960865393281
19.121547140181065
18.079694151878357
18.44460317492485
18.06102891266346
18.085528299212456
18.976402536034584
19.509047135710716
19.46086109429598
19.638042710721493
18.479103568941355
18.317003324627876
19.063216105103493
18.902898516505957
18.52779994904995
19.11388374865055
18.043078489601612
18.49213569611311
18.855950236320496
19.472604542970657
22.766603611409664
20.664251998066902
20.078973203897476
20.22856029868126
18.583389818668365
18.70003168284893
18.788614258170128
17.760271780192852
17.84220902621746
17.533761881291866
17.262006349861622
17.603550855070353
17.77988864481449
17.866563379764557
17.76239975169301
17.195446208119392
17.203762874007225
17.541070852428675
18.069405242800713
18.87566663324833
17.987813040614128
17.12581981346011
18.150436274707317
17.955358006060123
16.906369745731354
18.4442480802536
16.388501293957233
16.58629334717989
16.304583579301834
17.090787932276726
15.898621834814548
24.036183185875416
22.02205105125904
20.72045138850808
21.27108935266733
19.871481232345104
20.03737483918667
20.876431714743376
19.796676315367222
19.84246326237917
20.397860050201416
18.488645054399967
20.876956216990948
18.697680346667767
18.7301829084754
20.119466088712215
19.048950884491205
18.06818462908268
20.03122966736555
20.31104301661253
19.491048879921436
18.444313626736403
18.85909727960825
19.074473679065704
18.33799011260271
18.73019603267312
17.66245336085558
19.192172415554523
19.42936545610428
18.602791398763657
17.47304432466626
24.661464922130108
21.331379242241383
20.994597926735878
20.19715902209282
20.266119867563248
20.223957143723965
19.531463652849197
19.69120244681835
18.534057788550854
19.077678315341473
19.87653110921383
19.160695128142834
17.89269867539406
18.88933824747801
18.816043712198734
18.840579763054848
18.106490537524223
18.80618128180504
18.63796480000019
17.650246791541576
18.082309551537037
17.895212665200233
18.433167599141598
18.191762130707502
18.645967684686184
17.209824681282043
17.674351148307323
18.28875418752432
17.855783596634865
18.877775266766548
17.805184297263622
21.698476061224937
19.905948385596275
19.820226665586233
18.664502322673798
17.5980858579278
18.0865426287055
18.400390535593033
17.63826049119234
18.202053107321262
18.285804569721222
18.131690114736557
17.006115823984146
18.023574598133564
18.222148567438126
18.617405220866203
16.75097269937396
17.15207812935114
17.80664363503456
16.54834582656622
18.123494490981102
17.171808175742626
16.51754030957818
17.085080735385418
17.857239574193954
16.16882610693574
16.280167069286108
18.062052085995674
16.309916850179434
15.925731725990772
16.522296991199255
16.28873684629798
24.884351938962936
22.207731992006302
20.971247494220734
20.424121290445328
19.87616077810526
20.07939776033163
19.60280178487301
20.33255084604025
19.71834821999073
19.141697850078344
19.41401256620884
18.59657545015216
17.63694016635418
18.56743512302637
19.460891894996166
18.994796104729176
19.26311930269003
19.203358106315136
18.6599438264966
18.15153481066227
18.99787436053157
18.86706404387951
17.95398136973381
19.289688766002655
18.072174444794655
17.47813542187214
19.378032241016626
17.238666616380215
18.501124158501625
19.022236716002226
23.31490647047758
20.74301191419363
20.202433802187443
21.258724361658096
19.853742375969887
20.11703062057495
18.78350578248501
18.852739423513412
18.92828880250454
17.867290057241917
18.31993617862463
18.209867224097252
18.739502109587193
17.778222985565662
18.397836167365313
18.515912227332592
18.531002819538116
17.90500159934163
17.778636798262596
17.769312486052513
17.83941850811243
18.500634744763374
18.56629192829132
18.030528254806995
18.454336568713188
17.986156605184078
17.924530517309904
18.533048529177904
18.60083221644163
17.31512686610222
17.865417651832104
22.164231047034264
21.114140883088112
18.49422463029623
17.715794928371906
18.57366295158863
19.015060149133205
18.319189690053463
17.393777567893267
18.215912360697985
17.770650386810303
17.401416018605232
17.349385485053062
17.53881072998047
16.31711169332266
16.461991909891367
15.810299083590508
17.820155289024115
17.16006888821721
16.55726946890354
17.221196725964546
17.523371659219265
16.84943962097168
16.883603919297457
17.82824695110321
16.890611935406923
16.40785877779126
17.133469603955746
16.49075596779585
16.941132090985775
16.897937793284655
16.30128313973546
23.577780552208424
19.343901328742504
19.558451112359762
20.306129835546017
20.32671258598566
20.057310722768307
19.49498037993908
18.76381316781044
19.132306449115276
19.254870183765888
19.639206260442734
19.35598675906658
18.617273066192865
18.83921456336975
17.985626108944416
18.938017018139362
19.022371485829353
18.57354610413313
17.731615398079157
19.638145819306374
18.344834126532078
18.74022413045168
18.269480124115944
18.894817538559437
18.54883575439453
18.107285510748625
18.961562357842922
18.975244138389826
18.092453479766846
18.08655086904764
24.58974978327751
20.96090231835842
20.699435889720917
19.20085285604
18.647228747606277
19.94713830202818
20.237339660525322
19.425671234726906
18.07633877545595
18.70624440163374
18.84167605638504
18.133465204387903
18.52749255299568
18.14540508389473
17.29027470201254
18.420094430446625
18.368941225111485
17.912829540669918
17.96707635372877
17.61563316732645
16.723489575088024
17.334531147032976
17.717278100550175
17.73255904763937
17.554265707731247
17.26614574342966
18.112691201269627
18.00454292446375
19.071444794535637
18.041343070566654
17.031122375279665
21.11019852757454
19.649130299687386
18.731228657066822
18.831885561347008
17.635608293116093
18.124405227601528
17.017394494265318
16.706148095428944
18.118363738059998
16.611913815140724
17.822492830455303
16.11921787261963
17.391134411096573
17.19047376513481
18.002637803554535
16.906908731907606
16.314245007932186
16.779328268021345
17.75686951726675
17.30878958851099
16.217830508947372
16.737867034971714
17.07140527665615
16.515269063413143
15.626807946711779
17.07660262659192
16.04733654856682
16.190196208655834
16.30942601710558
17.79690444469452
15.304188705980778
23.949987016618252
20.056579068303108
20.67832277715206
19.377075642347336
19.119569681584835
19.121731366962194
19.329308532178402
18.990153431892395
19.545231021940708
19.327465631067753
18.531590577214956
19.266452990472317
18.57600999623537
19.98082596808672
18.56821847707033
17.54353903234005
18.033999744802713
18.321185126900673
17.999832078814507
18.850987993180752
18.65300925076008
18.3882387727499
17.367370262742043
18.432363711297512
18.075110033154488
18.649313166737556
17.960207667201757
19.432586699724197
17.742185577750206
17.490501888096333
23.11310289800167
20.72258784621954
19.92603962868452
19.00603251159191
19.406434066593647
19.18514956533909
17.975211031734943
18.547444589436054
17.697310399264097
18.31040098518133
17.917885772883892
18.34717834740877
18.358923628926277
17.99397125095129
18.626632023602724
19.35950193554163
16.886434242129326
18.53023075312376
17.993075415492058
17.550077207386494
17.514742478728294
17.876820847392082
17.553532153367996
17.085740514099598
18.290237218141556
17.086912997066975
17.307580646127462
17.027493119239807
17.939361959695816
16.746746107935905
17.382169745862484
21.169139765203
19.236012622714043
19.052465595304966
19.15250004082918
18.418827913701534
17.727115716785192
17.01425004005432
17.725942313671112
16.660239968448877
16.100943565368652
17.185043789446354
17.264013923704624
16.271161384880543
17.255341090261936
17.09771978482604
17.375897653400898
16.128032013773918
16.93071575462818
16.413541607558727
16.026278465986252
16.94265779107809
16.451092697679996
16.729596197605133
16.439997293055058
16.30945360660553
15.58685103803873
16.539971321821213
15.39732614532113
17.5654741153121
15.955395422875881
16.3494433760643
23.096991516649723
21.86755010485649
20.447163209319115
20.734010457992554
19.58459461480379
19.582809053361416
19.10726612061262
20.066501431167126
18.369320586323738
17.932832151651382
17.73731181025505
18.3321695625782
18.80811683088541
17.537455327808857
18.459460452198982
18.01642604917288
18.830911070108414
17.985863156616688
18.493900179862976
17.679191581904888
18.545840241014957
17.736444406211376
18.695041920989752
18.20425634458661
17.67505171149969
18.561197571456432
17.454231023788452
18.04266944527626
17.539219725877047
18.08658080920577
