81.67901358008385
42.59880033135414
40.74874612689018
39.53978082537651
38.89688692986965
36.32643987238407
34.61608798801899
35.22023278474808
32.89621715247631
32.11939266324043
31.831155136227608
32.0199198871851
31.401854991912842
30.907127544283867
29.213430657982826
28.756213530898094
30.135427221655846
29.221258863806725
29.02599509060383
28.47881506383419
28.23005121946335
29.087913163006306
27.923880487680435
26.552286885678768
27.269258052110672
27.361921235919
26.44410692155361
25.688350938260555
24.014796413481236
25.923735439777374
25.046983413398266
35.75466100871563
34.130279153585434
32.625972390174866
32.59994366765022
31.89379632472992
32.68227680027485
30.525961697101593
31.142863750457764
28.47011671960354
28.217939510941505
27.453259781003
28.52063839137554
27.711381003260612
29.468576356768608
27.027758911252022
27.813564531505108
28.384691447019577
26.5554658472538
26.831408999860287
27.448641151189804
26.35326735675335
25.0130879804492
26.839346043765545
25.83571307361126
26.53028266876936
26.331854172050953
25.2687409222126
25.137255877256393
26.493887081742287
26.371528297662735
24.616211131215096
33.4747110158205
29.084207847714424
30.041184708476067
28.086461156606674
27.441014170646667
28.605438709259033
27.611641108989716
25.382489256560802
26.39064432680607
26.05007541179657
26.27046290040016
25.261123329401016
26.327824100852013
25.30011384189129
25.973000288009644
25.850726157426834
26.18528714776039
25.076089024543762
25.21829739958048
24.064255565404892
23.43946336209774
23.026758387684822
24.799394764006138
22.511743992567062
23.695572070777416
23.78838897496462
23.80716799199581
23.44915384054184
24.0025422796607
22.879229620099068
22.708693638443947
29.75942435860634
24.654226534068584
25.52484904229641
23.862545505166054
24.387390337884426
24.424955651164055
22.46932505071163
24.146565459668636
23.411715261638165
22.489779949188232
23.549677535891533
22.526721365749836
21.295181423425674
22.725805819034576
21.608342446386814
21.74816081672907
22.344612456858158
19.823931880295277
20.803514815866947
20.28722032159567
21.36407969146967
21.24459557980299
20.754765644669533
20.92804404348135
20.835170313715935
20.703321926295757
20.42165732383728
21.190208226442337
20.095491658896208
19.958750411868095
20.432626999914646
30.20924039185047
27.791414760053158
25.581488579511642
26.341012611985207
26.074658066034317
25.828231543302536
24.462085381150246
23.19365583360195
24.7399677708745
24.18626642227173
23.732225745916367
24.254270434379578
23.81561105698347
22.22940331697464
22.021574959158897
24.423120230436325
22.484481565654278
23.873153910040855
23.476036876440048
23.98616862297058
22.604661963880062
22.338293135166168
21.52328759431839
23.244203224778175
22.050440527498722
22.41801156103611
21.827877692878246
21.63783272355795
21.474397845566273
23.237414494156837
21.491209499537945
28.566873267292976
25.607448294758797
24.00544960051775
23.00307833403349
24.17400450259447
22.746953830122948
21.946887232363224
22.439750224351883
21.91768814623356
21.793317526578903
21.07461493462324
21.34203988313675
22.432856373488903
21.378117829561234
21.334558583796024
19.857720486819744
21.32342690974474
20.490214303135872
20.159452810883522
20.497953079640865
20.397779308259487
20.218951351940632
21.46492801606655
20.830225557088852
20.47831252962351
19.729834474623203
19.57434006780386
18.49096042662859
19.82132898271084
19.196355670690536
20.889739133417606
26.157549127936363
23.12549338489771
22.569732762873173
20.977889887988567
20.48484643548727
19.881890952587128
20.54010909795761
20.056651391088963
19.739113330841064
20.580664925277233
19.86918707191944
19.541727289557457
18.81005723029375
18.69791092723608
19.548299737274647
18.867548890411854
19.676394917070866
18.430963329970837
19.224781833589077
19.009643107652664
18.800607159733772
18.0950042642653
18.73249300569296
18.279576130211353
18.005902983248234
17.55999056249857
17.00116916000843
18.15103207528591
18.449248500168324
18.085834685713053
16.854388553649187
28.0237468034029
24.5866632014513
23.524461537599564
22.42176888883114
22.211137503385544
22.11685798317194
22.322090081870556
20.818822130560875
21.171364903450012
21.501143530011177
20.18176206946373
21.176105201244354
21.824291869997978
21.19136606156826
19.40725814551115
19.20494582504034
21.312722891569138
20.660168401896954
19.922722905874252
20.53510430455208
20.049074821174145
19.422418639063835
19.22090993076563
18.23116586357355
19.447455398738384
20.01508727669716
19.79858898371458
19.969798117876053
19.044579654932022
20.22280029207468
19.379522375762463
25.592817954719067
22.666926510632038
21.89964383840561
20.0333439335227
20.644270330667496
20.36804036796093
20.188248492777348
19.761321008205414
19.12047279626131
19.05389552563429
19.399953737854958
18.545464649796486
19.156505718827248
18.571621149778366
18.13610288500786
18.492827970534563
18.158762872219086
18.197532914578915
18.27454248815775
18.546567514538765
18.495882283896208
18.783987447619438
18.714469343423843
17.435161657631397
18.261867828667164
17.609011441469193
17.83878404647112
18.168129101395607
18.33739135414362
17.485075913369656
17.261263743042946
23.622951738536358
20.034160301089287
20.58652137219906
18.49978344887495
19.25846701860428
17.91455638408661
17.32052032649517
17.375292219221592
17.062611915171146
17.22871195152402
18.65363686531782
18.160452991724014
17.684500200673938
17.761009573936462
17.378144197165966
16.37351704388857
16.71998605132103
16.56389968469739
16.87785343080759
17.066202841699123
16.642608486115932
16.52585067972541
16.69372073560953
16.316257007420063
15.953382939100266
16.964312069118023
16.16055092215538
15.704286023974419
16.32397858798504
16.301586665213108
15.757072120904922
26.441435031592846
22.431651540100574
20.732563473284245
19.981682419776917
19.832016713917255
20.21662576496601
19.340776428580284
19.38005768507719
19.851183831691742
18.70712197571993
17.813575580716133
17.987486839294434
19.001097179949284
17.4923507720232
18.7165167927742
17.85147748887539
18.893054835498333
18.821595773100853
18.10196989029646
17.350957732647657
18.01480194181204
17.39568756520748
17.923216715455055
18.014170914888382
18.568951413035393
16.220998015254736
18.262957144528627
17.37966424226761
18.250750809907913
17.94973286241293
17.984212290495634
22.91050846129656
19.979634545743465
19.205700993537903
19.19829162210226
17.912472754716873
17.992677837610245
17.913023933768272
17.267498075962067
17.269830599427223
18.138346523046494
17.440494116395712
16.54363514482975
16.889837879687548
16.095949225127697
16.929398763924837
16.286579474806786
16.241348184645176
17.760287813842297
16.021288242191076
16.255642227828503
17.028460681438446
15.86582775041461
16.32656053826213
15.593502946197987
16.413763098418713
16.543005548417568
16.26388158276677
17.272161804139614
15.154504105448723
14.8289210870862
15.59491778537631
22.79471707344055
19.24017310887575
17.4715874530375
16.366713620722294
17.388227105140686
16.140528853982687
15.663918979465961
15.746225908398628
16.38414814695716
16.027144830673933
15.884123869240284
16.596999026834965
15.039792738854885
16.24394104629755
15.83017598092556
14.969150342047215
15.942166350781918
15.982624895870686
14.949480570852757
14.75988707691431
14.62818480283022
14.902340516448021
14.982665807008743
14.91410137154162
15.309771433472633
14.710778329521418
14.167595561593771
15.464079886674881
14.651230208575726
15.992294609546661
14.403928704559803
23.360428921878338
19.518008314073086
18.653476022183895
18.661514468491077
17.210028797388077
18.153744962066412
17.809317372739315
16.825205713510513
16.19025529921055
17.507464576512575
16.848626535385847
16.897248055785894
17.611155569553375
16.61986753717065
16.22328072041273
17.062860436737537
16.495148956775665
16.920475389808416
16.38201180100441
16.885826997458935
16.84500052407384
16.21601041778922
16.31505037099123
16.15227310359478
15.66752377152443
15.278512556105852
16.36820751428604
15.250332035124302
16.260963790118694
16.555077597498894
16.210633791983128
22.534540623426437
18.693071007728577
17.78224315494299
16.034043926745653
16.419807590544224
15.98451130837202
16.319901671260595
15.184508979320526
15.465748108923435
15.638721205294132
15.206734411418438
15.033322922885418
14.357118103653193
15.722004916518927
14.296258945018053
15.907761573791504
14.475868195295334
14.607065260410309
14.35291102528572
15.456683319061995
15.04097455367446
14.492525469511747
14.698823481798172
14.825588196516037
15.366376895457506
13.790251296013594
14.810643624514341
13.436643123626709
13.7938172519207
15.303051326423883
13.753326762467623
20.909579016268253
17.052855752408504
15.604718454182148
14.784155789762735
15.102608658373356
14.85917542502284
15.174050241708755
14.560741029679775
14.007095269858837
14.156876314431429
13.936953499913216
13.334517687559128
13.29446242004633
14.738696090877056
14.427354577928782
14.306344583630562
14.213118359446526
13.2334751971066
13.382980890572071
13.288408104330301
14.142336923629045
13.210373848676682
14.222568113356829
13.97982256859541
12.707941256463528
13.499593280255795
13.398285862058401
13.688814915716648
12.965068804100156
12.227441919967532
13.661037288606167
23.683890789747238
17.221233427524567
16.76399863138795
15.32295098155737
15.68040680885315
16.56278083473444
15.654511861503124
16.530732974410057
15.894357554614544
15.327083721756935
14.536394912749529
15.53017382323742
14.211456887423992
13.939751621335745
16.446123234927654
15.333113059401512
16.130420923233032
14.680270321667194
15.40891782566905
13.646641172468662
15.183513026684523
14.719526402652264
15.46782536432147
13.919548094272614
13.929198052734137
14.137683037668467
14.918889116495848
15.468889862298965
13.847782373428345
13.557273909449577
14.077350217849016
20.617273330688477
16.333388671278954
15.214418020099401
15.321996670216322
14.423119124025106
15.30433950945735
14.615977104753256
14.089553065598011
12.567581009119749
13.21447854861617
13.796396732330322
13.468699753284454
13.803984384983778
12.058770447969437
13.506579104810953
14.54922154173255
13.60492967069149
14.394794307649136
13.312613110989332
13.234189972281456
13.758599765598774
13.971093479543924
11.906635658815503
12.924948804080486
12.96066066622734
13.056260626763105
11.89678493887186
12.424671359360218
13.267180090770125
13.438106797635555
12.173028502613306
20.861346893012524
15.641385152935982
14.19400691241026
13.470996640622616
12.697346463799477
14.091866735368967
12.712168430909514
12.8042476400733
12.396985359489918
13.470822419971228
12.5293297637254
12.38566429913044
12.537673875689507
11.021615959703922
11.667862482368946
12.728311762213707
11.909331798553467
13.328170463442802
11.920422788709402
13.4219411611557
11.998898554593325
12.515252362936735
12.1896987631917
13.973775517195463
11.912097044289112
11.336672186851501
12.075662625953555
13.356830976903439
11.478625290095806
12.038322068750858
11.371096555143595
22.30665621161461
17.06690188497305
15.747887264937162
15.403298202902079
15.052092246711254
14.38371504843235
14.869219712913036
13.497198149561882
13.974571771919727
13.663490034639835
13.702110048383474
13.49877117946744
14.361190844327211
12.69820136576891
13.345906423404813
13.989176142960787
13.48718454502523
13.656067859381437
12.580692570656538
13.79335505142808
13.1619624607265
12.247024483978748
13.278173461556435
12.756646662950516
13.523848131299019
13.342253681272268
13.002919737249613
12.546147510409355
12.641239270567894
12.415840804576874
12.551467128098011
18.382834762334824
14.99695597216487
14.557196658104658
13.691774372011423
13.675987772643566
12.620679369196296
12.519698727875948
12.403820045292377
12.313027117401361
13.039414919912815
12.509686950594187
12.255149651318789
11.173955708742142
11.232491264119744
12.836387231945992
10.855885272845626
11.41837907768786
12.671019401401281
12.335957448929548
11.39088810235262
11.852925626561046
11.383679911494255
12.070314383134246
10.5776333399117
12.5624787081033
11.685667857527733
10.99857884272933
12.10128515958786
12.121481848880649
11.834972148761153
11.411758560687304
17.65514086559415
13.681697852909565
12.765400726348162
11.878059405833483
12.063862260431051
12.135690566152334
12.24337588250637
12.171653985977173
11.688842198811471
10.779928505420685
11.674267556518316
11.527672402560711
10.548334773629904
12.238813634961843
11.57564046792686
11.303805574774742
11.190866261720657
11.781567702069879
10.892985962331295
11.319106977432966
10.885705959051847
10.64957264624536
10.476460166275501
11.540005689486861
10.941378809511662
11.017217934131622
11.155290309339762
11.30946660041809
10.708204340189695
9.649219350889325
10.931454494595528
21.20796564221382
15.427353762090206
14.034933093935251
14.060267623513937
12.783826243132353
12.8120924718678
12.91754075139761
12.87329887598753
12.609076507389545
12.349555261433125
12.168927127495408
12.09901238232851
12.318740658462048
10.848430939018726
11.368279859423637
11.858273699879646
12.113990101963282
11.215342957526445
11.087932594120502
11.716936148703098
12.861024893820286
12.104154296219349
12.37531404197216
11.456031138077378
11.813121380284429
11.685311783105135
12.433653231710196
11.498228918761015
12.163950352929533
11.994227331131697
11.656695621088147
17.844989366829395
13.537119243294
12.245855752378702
12.010151233524084
11.578088054433465
11.277671974152327
11.035702534019947
10.871771534904838
10.889627415686846
11.004289247095585
10.014888260513544
10.676503270864487
11.12733799032867
10.732536379247904
10.841787565499544
11.05197922885418
10.281050253659487
10.943169621750712
10.6094940174371
10.766948100179434
9.64551267027855
11.059703471139073
9.798036077991128
10.731809945777059
10.766673181205988
11.210188934579492
10.202958457171917
10.5404834151268
10.370817435905337
11.312351090833545
9.985866056755185
17.063756780698895
12.31221929192543
11.624943774193525
11.224427845329046
10.950991054996848
11.27573874592781
10.53335671313107
9.852853458374739
10.93388132750988
9.817172791808844
10.26779448799789
10.867863779887557
10.309392092749476
10.055396221578121
10.383936360478401
10.53497414290905
9.79282612260431
10.358115712180734
9.240286847576499
10.601488545536995
9.82771411165595
9.597677152603865
10.46401084959507
9.382470278069377
10.761032031849027
9.388786457479
9.903897278010845
9.500578850507736
10.032493080943823
9.445398424752057
9.997357051819563
21.617503218352795
14.346184480935335
12.213126488029957
12.249059580266476
12.016563635319471
12.20903418213129
12.03146088682115
10.463937480002642
11.180413041263819
11.39609807729721
11.069051733240485
10.345384085550904
10.838144602254033
10.551273250952363
11.099665775895119
10.736118933185935
10.616542909294367
10.97239744849503
11.502387961372733
11.077409418299794
11.15313727222383
11.045787025243044
10.722554463893175
10.403422553092241
10.572717931121588
10.994380867108703
10.223863640800118
10.689549423754215
11.065355287864804
10.910412134602666
10.223803529515862
15.963603243231773
12.273041661828756
10.330507146194577
11.800855692476034
10.803069276735187
10.314315181225538
10.56530292890966
9.787781059741974
10.119983522221446
9.30259109660983
10.45843280479312
9.413675099611282
9.629232814535499
9.157764706760645
8.765667473897338
9.363754641264677
9.812442973256111
9.242666307836771
9.736295199021697
9.414923094213009
9.705009264871478
9.227616634219885
9.449073106050491
8.739942476153374
9.597532827407122
9.239124806597829
9.368137281388044
8.828470358625054
10.527748215943575
8.466905627399683
9.234275626018643
16.249975934624672
11.866922311484814
10.240819348022342
10.187302568927407
9.848874943330884
9.956520795822144
9.970052007585764
9.384637573733926
9.066228840500116
8.843204541131854
8.753455679863691
8.766869215294719
9.79444611724466
8.895799688994884
9.024221373721957
9.412274549715221
9.42929333075881
8.937130514532328
8.523171009495854
8.600964261218905
9.681705873459578
9.464928260073066
9.413978602737188
8.95176362618804
8.484021926298738
8.725307818502188
9.402573535218835
9.756740298122168
8.931301219388843
8.173210655339062
9.442071804776788
19.48976281657815
13.640262924134731
12.226182747632265
9.97136022336781
10.483539724722505
10.889028633013368
9.861119396984577
10.550585614517331
9.581690439023077
9.849424939602613
10.226849649101496
10.012772105634212
9.575080521404743
10.313818195834756
10.252190433442593
9.807021474465728
8.86734221316874
8.970060067251325
9.915096499025822
9.139222962781787
9.419876746833324
9.612705470994115
10.37558863684535
9.462815703824162
9.777098601683974
9.795794732868671
9.874068489298224
9.776039268821478
9.65335594676435
10.069059282541275
9.269376669079065
16.82373546436429
10.827214244753122
10.260915253311396
10.581289399415255
9.65965343080461
9.381118575111032
8.529996443539858
8.945992758497596
9.016698639839888
7.964298234321177
8.2099589407444
8.821980722248554
8.1065708771348
8.470374105498195
8.93137204553932
8.969171773642302
8.847504185512662
8.700005104765296
7.820462167263031
9.053848644718528
8.567413052543998
8.620006140321493
8.230048493482172
8.318177723325789
8.692487098276615
7.747561169788241
7.72455876134336
7.589341533370316
8.309562687762082
8.38407524395734
8.234439998865128
