61.61583784222603
48.50359597802162
48.693233996629715
47.705536246299744
44.73244833946228
42.54498752951622
42.703883185982704
43.32451596856117
40.76785987615585
42.191414415836334
40.62331283092499
39.640058279037476
38.76390723884106
38.25222320854664
37.1368972659111
37.625204250216484
37.969694927334785
36.351394310593605
36.14111118018627
38.29065626859665
35.63133355975151
35.393097907304764
34.36413824558258
34.79176789522171
35.577722027897835
34.211800172924995
33.53915897011757
34.43743820488453
33.406424686312675
32.95210778713226
34.331732511520386
36.941546872258186
34.49880975484848
36.44515199959278
32.72710204124451
31.691405594348907
32.014711290597916
32.828711092472076
32.495463997125626
31.40709461271763
30.17519038915634
29.776879474520683
31.122922889888287
29.722593382000923
27.992113515734673
29.937310844659805
29.20899733901024
30.156096443533897
30.328669473528862
29.683611556887627
30.036672107875347
28.678706660866737
28.853166662156582
28.261820800602436
31.372589468955994
29.31320782005787
29.17875498533249
28.494457125663757
29.67458440363407
27.538870364427567
27.358027793467045
28.98289592564106
34.703603997826576
32.40351116657257
32.74265494942665
32.38602764904499
32.634032890200615
31.36109183728695
30.63310569524765
30.997222051024437
31.048687264323235
30.008293956518173
29.38427723944187
31.686881929636
29.27841766178608
29.95403401553631
30.337136030197144
30.04553221166134
31.00904656946659
29.551549807190895
28.51809351146221
28.28301503509283
27.8586448431015
28.047390334308147
28.59673920273781
29.013319484889507
28.884970277547836
28.81657463312149
28.32569782435894
28.88316348195076
29.026437148451805
27.640596851706505
33.465693950653076
31.206798776984215
29.90448796749115
29.49226649105549
30.762048482894897
28.513043999671936
28.513301253318787
29.85786757618189
27.948636077344418
27.544403076171875
28.194069266319275
27.492483004927635
28.168756753206253
27.590271517634392
29.248235419392586
27.36578318476677
28.340639606118202
28.289149597287178
28.19594243168831
28.99725429713726
26.172258500009775
26.744816213846207
27.324476942420006
26.82755307853222
28.388309195637703
26.942411981523037
28.619972229003906
27.75565554201603
27.57087917625904
25.888849794864655
27.34009312093258
28.91965003311634
27.9547857940197
27.11245134472847
25.840463139116764
26.264125883579254
25.548148214817047
26.00226178765297
25.55825550854206
26.527760803699493
25.73597875237465
24.770334228873253
24.273965254426003
26.004732251167297
25.110618874430656
24.05811607837677
24.487886369228363
24.390226021409035
25.37508686631918
24.83574739098549
25.26891677826643
23.711328379809856
23.400396548211575
23.61090138554573
25.001749776303768
23.53530991077423
23.174022860825062
25.10687907040119
24.54810357838869
23.046282082796097
24.202055245637894
23.82562728971243
29.300969064235687
28.431719452142715
28.602299585938454
26.567697122693062
26.489973686635494
26.75803330540657
27.061378434300423
26.72395069897175
26.544972628355026
25.647258281707764
25.635969564318657
26.3592162206769
24.127906933426857
24.297809466719627
24.36295110732317
24.83289498835802
24.33891662955284
26.04807399213314
23.72317162901163
24.946801990270615
24.87581506371498
24.694834887981415
25.533077090978622
24.693592458963394
24.546534679830074
25.081368483603
24.53761452436447
24.798045337200165
23.819821693003178
24.853943154215813
30.139683172106743
26.66947165131569
27.11810129880905
25.777945339679718
26.525382980704308
25.751470543444157
25.558150105178356
25.702074721455574
24.35833652317524
24.82150563597679
24.93810984492302
24.374132424592972
25.099813789129257
25.099720612168312
24.335144251585007
24.501150406897068
24.756991513073444
23.990193590521812
23.945037603378296
24.302763745188713
24.4543621763587
24.637359656393528
24.42379602789879
23.61579618602991
23.894597351551056
23.40939073264599
23.759044460952282
23.32240640372038
23.726507917046547
24.243877977132797
23.595042824745178
25.831567525863647
24.74520482867956
23.608799651265144
24.040529787540436
23.000650011003017
23.82533271610737
23.332792095839977
21.98781707137823
22.693954661488533
23.568491525948048
22.661499984562397
21.59814129769802
22.765455067157745
22.646660335361958
22.457187585532665
22.38092429190874
22.633845701813698
21.908560305833817
21.323260933160782
21.670955382287502
22.126617401838303
20.932966269552708
23.421494275331497
21.425014689564705
21.30196149647236
20.141652300953865
21.784194856882095
21.9907765686512
20.929256543517113
21.272962123155594
21.14249736070633
25.686687096953392
22.551975280046463
24.51206535845995
24.024701483547688
24.006979785859585
23.97120751440525
22.875992566347122
22.813402883708477
23.580190755426884
24.11894328892231
23.813888728618622
24.24244274944067
22.81241013109684
24.787325277924538
22.99129046499729
23.234509117901325
22.958807460963726
21.59930593520403
22.232691004872322
23.025574922561646
21.620958298444748
22.500493556261063
22.58217988908291
21.50655110925436
21.786024287343025
22.724024802446365
22.741719469428062
22.628786846995354
21.873088777065277
21.306110225617886
26.120067670941353
23.997314140200615
24.074596107006073
22.82562229782343
22.923566937446594
23.334134727716446
23.277259275317192
23.331976525485516
22.774629324674606
24.466055743396282
22.389983281493187
23.8023866340518
21.98096226900816
23.130867302417755
21.931637540459633
22.161071933805943
22.45816444605589
22.664051599800587
22.207430504262447
21.25091689825058
22.04657319933176
21.382524475455284
21.538992330431938
22.679905988276005
22.068071700632572
20.593027122318745
20.7645273655653
22.102368712425232
22.023000240325928
20.911140836775303
21.401868239045143
23.586084835231304
21.91103709116578
22.66219824552536
21.11673616617918
21.656220473349094
21.910105168819427
21.41252838075161
20.757111959159374
20.062278166413307
19.575966484844685
20.620252080261707
20.61887015402317
21.322812885046005
20.96021030843258
19.137193083763123
19.890710413455963
20.489765346050262
19.787949927151203
20.08857963234186
19.978302232921124
20.90567461401224
20.163509339094162
19.5882405936718
19.43437784910202
19.198290303349495
20.349930621683598
19.919149413704872
19.65122915059328
19.143416956067085
18.667666472494602
20.931574247777462
24.91395466029644
23.50246036052704
22.769018441438675
21.41368129104376
21.855334907770157
22.146109119057655
21.626637779176235
22.320431523025036
20.79434196650982
22.43194217979908
20.786746703088284
21.143143974244595
20.613042794167995
21.955313436686993
20.28327575325966
21.081356890499592
20.39082533121109
20.451256565749645
20.540103569626808
21.82064314186573
20.059348449110985
20.43966204673052
19.85069826990366
21.90408603847027
21.458313688635826
21.036270655691624
20.277782455086708
21.0551121160388
19.213400319218636
21.247618608176708
23.837213166058064
22.985526770353317
22.366262950003147
21.316566236317158
21.632321000099182
20.924643516540527
20.520446553826332
20.269436307251453
21.149368442595005
20.574738703668118
21.51209330558777
20.57358019053936
20.81726385653019
20.33905377984047
21.659429974853992
21.118590503931046
20.444502100348473
19.73921573907137
20.658399768173695
19.26580399647355
20.67527784407139
20.110613264143467
19.78496503084898
20.80080210417509
20.02200934290886
19.664646200835705
19.56709288433194
18.897590324282646
20.698213174939156
20.245104663074017
20.110924258828163
22.298901982605457
20.508728832006454
19.8318281583488
19.285621479153633
20.506604466587305
18.023333624005318
20.21211724728346
19.238550562411547
19.63118591159582
18.808686576783657
19.3299251049757
18.813783042132854
18.18357126414776
19.28250328451395
19.265681385993958
19.284283462911844
18.802921503782272
18.442528285086155
18.9702243283391
18.46588422358036
18.97577302157879
18.780222102999687
18.227732352912426
17.94682066887617
17.467450976371765
18.274978555738926
18.655128367245197
17.4717565625906
18.086102455854416
18.402115181088448
17.586477898061275
22.701203882694244
22.189713671803474
21.05606224387884
20.481945872306824
21.58978831022978
20.513018794357777
19.619309432804585
20.302412942051888
19.019062235951424
19.783223912119865
19.307849034667015
20.363244749605656
18.571515269577503
20.12489715218544
19.477500289678574
19.493548780679703
19.06852538138628
19.406952008605003
20.016929537057877
19.456510946154594
20.36524198204279
20.052481189370155
18.734364666044712
19.70062829554081
19.337446801364422
18.799242205917835
18.265949465334415
20.668887853622437
18.812338776886463
18.066703662276268
24.779034040868282
21.629322484135628
20.04085998982191
19.961117409169674
19.41119757294655
19.077174738049507
19.79534302651882
20.24087545275688
19.114874951541424
19.06493181735277
19.883122831583023
19.787586852908134
18.945362366735935
18.64848067611456
19.12444058060646
17.970973424613476
19.675044238567352
18.951160326600075
18.16064416617155
19.2864096686244
17.825742043554783
18.690300822257996
18.28653658181429
18.455499567091465
19.033567041158676
19.340447559952736
18.08353541046381
18.632057569921017
19.290089137852192
18.11512028425932
18.481858119368553
19.70547156780958
19.776394858956337
18.6664467304945
18.59437734633684
18.864678092300892
18.4357832968235
17.762419931590557
17.45714258030057
18.33377780020237
18.525880374014378
17.406980838626623
17.93292462825775
17.036070570349693
17.228638745844364
17.251641482114792
18.41259454190731
18.201249949634075
17.440147921442986
16.249507669359446
16.889558594673872
17.206740453839302
16.66862690448761
18.287112563848495
17.586479648947716
16.421833910048008
16.936773143708706
16.41955205798149
16.996688470244408
16.43731699883938
17.356102272868156
16.80604910850525
20.867341816425323
19.440117709338665
19.506076119840145
18.79291745275259
19.17685554176569
19.469296403229237
18.360104020684958
19.127649687230587
18.484929658472538
17.766310051083565
18.67108090221882
16.90628456324339
18.509728483855724
18.531324476003647
19.87432462722063
18.652685187757015
18.41051159054041
18.588899984955788
18.15020152926445
19.204622074961662
17.917467460036278
17.905718840658665
18.021970100700855
18.645797677338123
18.163561079651117
17.58078759163618
17.725288279354572
18.4721137881279
17.45633175969124
18.40435318276286
23.292642690241337
18.92435245960951
19.163512028753757
18.652132488787174
18.807895362377167
18.398796677589417
17.886058181524277
17.55067791044712
17.55191297829151
16.94502369314432
17.766597487032413
17.78727885335684
17.645335778594017
17.677317664027214
16.52837873250246
17.31136702373624
17.416843459010124
17.461743749678135
16.92311915382743
18.5906071215868
16.623056083917618
18.07047574222088
18.345988556742668
18.432576030492783
17.40820425003767
17.463950227946043
17.80188298225403
17.619793847203255
17.877505756914616
17.62883483991027
16.53964189440012
18.61329336464405
18.07845702767372
16.875100195407867
17.202991519123316
17.0970126837492
17.99826418608427
17.451218895614147
17.10278118401766
17.00757146626711
16.12735616415739
16.463721122592688
16.384986884891987
16.111349880695343
16.472540639340878
15.885537676513195
15.545889515429735
15.535372518002987
16.21312763169408
15.739547289907932
15.583027005195618
15.900407031178474
15.93374328315258
16.613567925989628
16.237922076135874
17.040386080741882
15.865964140743017
15.54452570900321
15.534346304833889
16.25925676524639
15.3316983692348
15.38257796317339
19.844894133508205
17.30303006246686
18.21078760176897
18.512852661311626
18.18559131026268
18.31217896193266
17.762693248689175
16.767015770077705
16.482133574783802
16.859846100211143
17.751160711050034
17.87026146426797
16.614222038537264
16.626828767359257
16.69474859535694
18.348373591899872
17.241460777819157
17.801866129040718
16.935499906539917
16.86051205545664
17.33478956669569
16.84224872291088
18.177950851619244
16.666980106383562
16.604602225124836
15.906591445207596
17.971278712153435
17.287383779883385
17.665210030972958
17.373124964535236
21.092490777373314
19.65627133101225
17.61156301945448
17.564973272383213
16.980616834014654
16.928586281836033
17.004658073186874
16.488543458282948
17.05660066381097
16.78623776882887
16.096325233578682
15.644252173602581
16.743544779717922
16.709315486252308
16.774410601705313
16.701678328216076
15.748137392103672
15.501105040311813
16.3045035302639
17.22862531989813
16.884221605956554
16.312912590801716
16.1197868026793
16.619375862181187
16.641291350126266
16.05285908281803
16.295980907976627
15.782395549118519
16.682350516319275
16.024732284247875
16.531919192522764
18.394465625286102
17.188563153147697
15.306185245513916
15.157594431191683
14.597467184066772
15.899613969027996
15.098082549870014
14.864413499832153
15.01483940333128
14.707309029996395
16.008669216185808
15.987109892070293
15.391733143478632
15.137235432863235
14.90623002499342
14.65672143176198
14.525257434695959
15.37481428310275
14.899721097201109
14.800390388816595
15.613677650690079
14.834641322493553
15.746282573789358
15.872465692460537
14.337668001651764
14.09213811531663
15.870483011007309
14.597450513392687
14.879219762980938
14.85088899731636
14.35695593059063
20.2208813726902
17.901836827397346
16.419400714337826
17.200013980269432
16.496512189507484
16.814384888857603
15.981834717094898
17.45449835434556
16.140651501715183
15.489246293902397
16.295824326574802
15.591731958091259
15.446876853704453
16.33939640969038
16.09939205646515
16.389025062322617
15.277371447533369
15.924279607832432
16.398639976978302
16.777724139392376
15.761071123182774
15.942149877548218
16.222091488540173
15.53932959586382
15.885632660239935
15.819673217833042
15.216454580426216
15.253933724015951
15.909408807754517
15.766390766948462
19.66605544835329
16.333766378462315
18.150999650359154
16.203918859362602
15.954610224813223
16.158832911401987
16.07444141805172
14.90564626827836
15.965575754642487
14.723500303924084
15.309017039835453
15.360929116606712
15.376374438405037
17.07095318287611
14.832137525081635
15.104700177907944
15.129569321870804
14.929390039294958
14.363613601773977
15.81729780882597
15.249791633337736
15.457345016300678
14.662582892924547
15.004207890480757
15.02213517203927
14.698108986020088
15.86659587919712
14.848501171916723
15.372754991054535
14.469837442040443
15.633148845285177
17.802649721503258
15.4212112352252
14.532000202685595
14.665073070675135
14.169820412993431
14.23901841044426
13.606451194733381
14.630601048469543
14.047641891986132
14.86765069887042
14.302916493266821
13.450964417308569
14.073940709233284
14.073182225227356
14.820594817399979
14.151049558073282
14.230903428047895
13.483488533645868
13.643675975501537
13.525601085275412
13.32396038621664
14.439676247537136
14.137117639183998
13.94888636469841
14.059446550905704
13.96430304273963
13.642897721379995
14.297195613384247
14.181613858789206
13.657050218433142
13.1930812895298
17.84433962404728
15.93717686086893
16.117315515875816
15.09226331487298
16.981137230992317
15.909772228449583
14.95060395076871
15.068583007901907
16.010274842381477
15.540704730898142
15.692022271454334
15.939309801906347
14.251235980540514
14.736047368496656
14.979895919561386
15.082172267138958
14.599429249763489
16.204642556607723
14.58192202821374
15.388725344091654
13.922933090478182
15.051380332559347
14.441144995391369
15.894348796457052
13.731150429695845
14.569706331938505
14.557824894785881
14.809175185859203
14.737551756203175
14.848486557602882
18.77349665015936
15.614433020353317
15.02771732956171
14.232191201299429
14.823003873229027
14.90603818744421
14.717762053012848
14.22072945907712
14.129821047186852
13.734832484275103
14.248257897794247
14.592123810201883
14.670433342456818
14.445974260568619
13.964555952697992
14.211714871227741
14.056082885712385
14.573776226490736
13.770017083734274
14.316315565258265
13.524709813296795
14.057444415986538
13.18880956992507
14.172756727784872
14.968474697321653
13.75524302944541
13.778913531452417
14.879505217075348
14.336992021650076
14.370268866419792
14.698017958551645
17.14591697603464
14.494161397218704
14.501692049205303
13.944438382983208
13.657710436731577
12.858727153390646
13.672567337751389
12.810952425003052
13.105235867202282
12.804504849016666
12.2723885551095
13.671265564858913
13.283481951802969
13.18142444267869
12.901025461032987
13.407719634473324
13.104740794748068
12.57999087870121
12.37539353966713
13.160086531192064
12.18244194984436
13.092216983437538
13.07156416773796
12.369566522538662
13.574023626744747
12.895770356059074
12.34331301227212
12.599538704380393
12.557487063109875
12.682023875415325
13.526799529790878
18.497410748153925
14.995048224925995
13.944902263581753
14.36125323176384
13.75138034671545
14.101675122976303
14.4230170622468
14.382082805037498
14.685821235179901
14.556285057216883
14.38886533677578
14.32105204090476
13.9817750826478
13.774038717150688
13.533625558018684
14.502939514815807
14.04307621717453
13.64990271627903
13.439507588744164
13.864534385502338
14.25505841895938
13.59381065890193
13.463157076388597
14.135669391602278
13.376296661794186
14.293294109404087
14.15396885573864
14.940481789410114
13.073190450668335
14.492350410670042
