87.22501212358475
42.80302110314369
40.09658536314964
40.48717859387398
37.901855528354645
36.50310216844082
35.77650044858456
34.880210399627686
34.26753728091717
33.2299575060606
31.803178936243057
30.466075211763382
29.87374970316887
30.714358285069466
30.303439155220985
29.089417099952698
29.01581420004368
30.056607022881508
28.201416984200478
28.179810017347336
29.143652319908142
28.36532388627529
27.460228696465492
27.42529435455799
26.386817038059235
26.152424842119217
26.61677360534668
27.267358988523483
26.561853304505348
26.991086065769196
26.442029371857643
36.16021601855755
33.67544125020504
32.806845635175705
31.51903636753559
31.569854646921158
30.323006100952625
29.67127300798893
29.840547382831573
28.77229055762291
28.85460689663887
27.37632267177105
27.712727144360542
27.342548862099648
27.510519184172153
27.216917112469673
28.009618036448956
27.37272372841835
27.612504094839096
27.60528075695038
26.83407710492611
26.58861331641674
27.324572421610355
26.033072516322136
27.40437352657318
26.33794604241848
25.205934084951878
25.494034498929977
25.87522642314434
26.15075981616974
26.00502221286297
24.447401754558086
34.15003880858421
29.85263864696026
29.383561834692955
29.264676496386528
28.51541505753994
27.701749324798584
26.938403837382793
25.76994127035141
26.760141536593437
26.80249224603176
26.869705080986023
26.42048777639866
25.986771032214165
24.601396642625332
25.390153490006924
25.185497984290123
25.56309311836958
24.428267046809196
25.00170858949423
24.675144344568253
22.929737836122513
23.76567330211401
23.447862721979618
23.256374783813953
23.50247859954834
25.009487204253674
24.281004711985588
23.205069854855537
22.155300565063953
22.774429120123386
22.36899107694626
21.146213084459305
10.609861044213176
9.223430609330535
10.013675993308425
9.493503434583545
8.376285007223487
8.545593461021781
8.439211528748274
9.173788405954838
8.574999514967203
9.232763218693435
8.391978433355689
8.123385893180966
8.46111916191876
8.60571670718491
8.074556101113558
8.047355212271214
7.741057837381959
7.7115236315876245
7.034086956642568
8.139924228191376
8.091904651373625
7.73247779160738
7.405551705509424
7.585805110633373
8.069754903204739
7.613387904129922
7.258761250413954
6.977281051687896
7.878697259351611
7.636703999713063
0.023004531860351562
