100.40662217140198
44.14021870493889
42.79448030889034
39.67202106118202
37.70919653773308
37.09309124946594
36.09052827954292
35.24924252927303
36.235408931970596
33.01840355992317
32.81807544827461
33.28625416755676
31.096392706036568
31.517895236611366
31.689144179224968
30.483169987797737
30.643618777394295
28.958065629005432
29.277765199542046
28.482356779277325
28.751713782548904
29.191788136959076
27.3733067214489
26.684928871691227
26.541927993297577
26.99321138858795
26.89521859586239
27.843926578760147
25.25296974182129
24.533505484461784
26.75971692800522
37.95121067762375
33.157109662890434
33.52441696822643
32.0631245970726
30.7170475050807
29.940057814121246
29.345592856407166
31.167706951498985
29.576675191521645
29.81567493081093
29.038529500365257
29.729115813970566
27.484335482120514
27.142689935863018
27.46210105717182
28.09733633697033
27.628443732857704
27.53391183912754
27.960311621427536
26.927970200777054
27.096392825245857
26.986214637756348
27.117392748594284
26.327292889356613
26.58984863758087
25.958122923970222
25.296384304761887
25.927780121564865
26.420791536569595
25.359614856541157
25.94652484357357
32.146304950118065
29.23418180644512
29.63654536008835
29.587284937500954
28.92828793823719
27.197306215763092
27.064556002616882
27.185495734214783
27.30302356928587
27.240570157766342
27.00161424279213
26.446200013160706
25.420387372374535
25.55094125121832
26.207903310656548
25.864933967590332
25.352654844522476
23.11217911541462
24.68667470663786
24.891979306936264
25.52129355072975
25.97129413485527
24.415604397654533
24.811434850096703
24.397160962224007
24.18675011396408
23.128634177148342
22.767729826271534
22.381565004587173
22.87546419352293
23.028286419808865
28.43530210852623
26.340523675084114
25.49788998067379
24.56534519791603
24.887126810848713
24.19641451537609
22.6458860039711
23.02416404336691
23.16482502222061
23.3809270337224
22.815050952136517
22.2143886834383
21.14880257844925
21.931274086236954
22.72746352851391
22.47667770087719
21.72237838804722
22.06174500286579
21.826102010905743
22.482274152338505
21.261362113058567
22.058777205646038
20.931306548416615
21.24929152429104
20.892377592623234
20.27373057603836
20.13598556816578
20.10274039208889
20.592127665877342
21.458502404391766
19.929416738450527
30.4824405759573
27.20968461036682
28.5427615493536
27.183886371552944
25.252758741378784
24.673437736928463
24.891251981258392
25.02822010219097
24.922332644462585
24.159010261297226
23.887266278266907
24.753163665533066
23.748685598373413
24.382824145257473
23.058559827506542
23.401029348373413
23.30189122259617
22.683184564113617
24.087307937443256
21.58694602176547
22.39822854101658
21.812917836010456
21.55187562853098
22.877956576645374
22.16505814343691
22.84725407510996
22.834654301404953
22.03232679516077
21.619350783526897
21.64012374728918
22.52021998167038
28.6474546790123
25.298639491200447
24.65101719647646
24.70662020891905
24.137078039348125
22.245912835001945
22.52348981797695
22.85449767112732
22.08677478134632
21.6198136433959
22.459972895681858
22.47777285426855
22.441658653318882
20.828929260373116
21.213542483747005
21.12933548539877
22.532125554978848
21.010556273162365
21.86167361587286
19.86281418055296
20.65060406178236
19.303071215748787
20.801199421286583
21.0601370818913
21.053550381213427
21.93155711144209
19.578146368265152
20.23869875818491
19.487135879695415
19.47293446958065
20.000444695353508
25.975977316498756
22.20237446576357
20.778980918228626
21.086341574788094
21.338229179382324
20.899578668177128
20.42634552717209
20.50454457849264
20.026608370244503
19.8941962569952
19.31288832426071
20.28737833350897
19.562652096152306
20.11770249158144
19.10719722509384
19.043919123709202
20.037876158952713
19.8671231046319
19.148371271789074
17.977502934634686
18.599650278687477
19.093629769980907
18.586369208991528
18.676222272217274
19.091023687273264
18.45262912660837
17.865745946764946
18.285286284983158
17.80529498308897
18.95091175287962
18.15452890843153
29.27904623746872
25.209525614976883
23.275058709084988
23.329204946756363
22.497512616217136
22.4780600592494
23.197073437273502
21.736695766448975
20.272622615098953
21.772341772913933
20.497474908828735
20.149724319577217
21.868450857698917
20.637343883514404
19.064812064170837
20.83777406066656
19.806535080075264
19.541591629385948
20.93872680515051
20.521263919770718
19.54791569709778
20.968601644039154
20.809392020106316
19.825932167470455
20.099414363503456
20.370451115071774
19.855213448405266
20.49253562837839
20.730688706040382
20.08328288793564
20.27757877856493
25.640121325850487
22.44967568665743
21.314666263759136
21.494401782751083
21.127836734056473
20.498666033148766
20.052434854209423
19.917816422879696
19.289003685116768
19.74666552990675
19.34474778920412
19.7190298512578
19.703224264085293
19.857645273208618
18.73512838035822
18.230170771479607
19.673532627522945
18.267565988004208
18.167397670447826
18.51648784428835
17.92648423090577
19.270521081984043
18.529759593307972
18.668351389467716
19.054878808557987
18.037471290677786
19.09552677720785
18.392019875347614
19.04476622492075
18.234836887568235
17.204824022948742
24.48555639386177
21.115477323532104
20.325283020734787
19.579364150762558
19.562991440296173
19.01254642009735
18.28187597543001
18.779547080397606
16.205633141100407
17.285298854112625
18.030954129993916
17.812620863318443
16.90540085360408
17.411079060286283
18.088826090097427
16.97397019341588
17.146455638110638
16.630154073238373
16.35739676654339
17.992857113480568
16.57160848379135
17.253667134791613
16.590384025126696
16.297603756189346
16.336748585104942
17.264398898929358
16.601174365729094
17.613195471465588
17.137648843228817
16.21071795374155
16.499419189989567
27.282149717211723
21.617491640150547
20.823310628533363
20.46148308366537
19.888710469007492
20.541125997900963
19.822722729295492
19.7065561786294
19.76495109498501
18.9579214528203
18.58505017310381
19.350922860205173
18.87816320359707
19.279676534235477
18.362621910870075
18.720277585089207
18.703522823750973
19.036444455385208
18.651838839054108
19.104982398450375
18.551680855453014
19.068545155227184
19.174325443804264
18.66460958123207
17.253858506679535
18.14460228383541
18.533420585095882
18.00033926963806
17.383807584643364
18.181859381496906
18.389490082859993
23.42333035171032
20.339449614286423
19.150334011763334
18.609726324677467
18.71341696381569
17.698430739343166
18.98177293688059
18.41831997036934
17.593605041503906
17.01565081626177
16.513529278337955
17.730747640132904
17.082863707095385
17.53033434599638
18.050334841012955
17.18813005462289
15.949620865285397
17.99872265011072
17.30954748019576
16.510421499609947
16.20570632442832
16.30755201354623
16.367825631052256
16.458043962717056
16.66433333605528
16.894970297813416
17.233916327357292
16.37789398431778
16.339124016463757
15.81251011416316
16.275466606020927
22.339943043887615
18.59519997984171
18.21626928448677
17.708936788141727
17.063834190368652
17.38464879989624
17.14091432094574
17.216913986951113
15.047570198774338
16.501365523785353
15.216628056019545
15.137598380446434
16.383492778986692
15.6403479129076
16.25200041010976
15.292739633470774
14.887860707938671
16.170432426035404
16.16260051727295
15.504271287471056
15.650206852704287
15.53479665890336
15.525205090641975
13.89275710657239
14.784284494817257
15.10303357988596
14.78649316728115
16.05262265726924
15.70803228393197
15.366582415997982
14.862535409629345
24.351390562951565
20.90466006845236
19.991098754107952
18.832145608961582
19.155597895383835
17.696525156497955
17.558802254498005
16.897726073861122
17.897380739450455
17.82710286229849
17.433017149567604
17.802075922489166
16.232467867434025
16.847950138151646
16.279429212212563
16.183598961681128
16.783693119883537
16.899196177721024
17.494822300970554
16.26578851044178
17.784185918048024
16.931938380002975
17.02086178585887
16.800112944096327
16.238084346055984
17.71898103505373
17.059639811515808
17.461220115423203
16.776548512279987
16.22126504778862
16.89317312091589
20.543664999306202
18.215412572026253
17.691504530608654
17.988652102649212
15.825208332389593
17.26881181448698
16.661422286182642
15.612261533737183
15.745940312743187
16.232032105326653
16.417340826243162
15.718257889151573
14.450027287006378
14.586379304528236
15.743146494030952
15.754124902188778
15.99332620576024
14.883628342300653
14.70409369841218
15.272646233439445
14.652909524738789
15.077049689367414
15.112465426325798
15.56846971064806
15.568125456571579
15.757336143404245
16.2069795653224
14.888591445982456
15.475252371281385
14.163610439747572
14.001614768058062
20.644927993416786
16.998769477009773
15.654485926032066
15.225464757531881
15.233493141829967
15.444835472851992
15.50898576900363
14.235116202384233
14.722211236134171
15.46196349710226
14.185940816998482
13.315603949129581
15.689148891717196
14.300066735595465
13.903070036321878
14.639578964561224
13.67034100368619
14.892577949911356
14.136388074606657
14.248756498098373
14.436940301209688
13.667508024722338
15.387223120778799
14.666783414781094
13.836698774248362
13.544509395956993
14.79780587926507
13.378537014126778
14.181011717766523
13.008034713566303
13.984301269054413
23.836823880672455
19.69265192747116
17.483753826469183
15.991379652172327
17.265634924173355
16.25167355686426
16.6276928037405
15.881989926099777
15.855298668146133
16.271369701251388
15.239933677017689
15.589248888194561
15.498050168156624
16.28756146132946
15.361345279961824
15.360155373811722
14.778002478182316
15.72795508429408
15.186910956166685
15.706889988854527
15.52030125260353
16.0494842864573
14.436258807778358
15.406060628592968
14.618500359356403
15.18915794417262
15.162621222436428
13.71112671121955
15.40144607424736
16.13300108537078
14.822886668145657
20.787688560783863
15.391214605420828
15.704293243587017
15.329190492630005
15.045291855931282
15.491746127605438
15.222003534436226
14.701429694890976
14.465847302228212
13.060964964330196
13.997002586722374
13.682141032069921
13.30223510041833
14.403522528707981
14.368951294571161
13.557397589087486
13.790005322545767
14.517911061644554
13.453870017081499
14.542508946731687
13.057576801627874
14.169965028762817
13.484991747885942
13.321081416681409
13.836160890758038
13.219560677185655
13.805880144238472
13.930715255439281
13.180194981396198
13.432948797941208
13.170215379446745
18.780212834477425
15.154927309602499
14.254344277083874
14.129140958189964
14.343189660459757
13.480547111481428
13.26723150163889
12.980964407324791
13.84945872798562
13.283992601558566
14.055183188989758
12.132460564374924
13.445174593478441
12.500043861567974
12.510949648916721
12.649346947669983
11.691022828221321
13.396983437240124
13.706099696457386
12.06596827879548
13.655821863561869
12.581744249910116
12.193281883373857
13.709700834006071
13.021863035857677
12.155987748876214
12.549250409007072
13.095498587936163
12.288087628781796
12.360126409679651
12.85708923637867
21.765147902071476
16.911416709423065
16.23155439645052
15.881268341094255
15.21003683283925
14.96209641546011
15.138797968626022
14.203963804990053
14.067098215222359
14.239592164754868
15.040961217135191
12.723695892840624
14.043748427182436
12.295269142836332
14.540285553783178
13.687690362334251
14.865696731954813
13.917697597295046
13.12256245687604
13.73808922059834
13.46931203827262
13.228276506066322
14.72483279928565
14.320562429726124
13.44914922863245
13.457488305866718
14.00535013154149
13.988611914217472
13.829867593944073
14.25849281065166
14.068493902683258
18.446996830403805
15.624131064862013
14.30906156823039
14.709814872592688
14.06583883985877
13.638258337974548
13.047293685376644
13.228278785943985
13.493556272238493
12.25958689302206
12.99801304936409
13.193369556218386
13.098741985857487
12.350771130993962
12.276950916275382
12.797464154660702
12.200165409594774
13.323088187724352
12.375082276761532
11.825531005859375
12.399954061955214
12.228537883609533
11.973710862919688
11.76825138926506
11.877908935770392
13.311509799212217
11.831730738282204
11.327514426782727
11.472480876371264
12.135345093905926
11.496681820601225
18.391875062137842
13.649429138749838
13.56909866631031
12.688100136816502
12.24530503153801
12.479198262095451
12.639889318495989
12.201963774859905
11.336710441857576
11.435006406158209
11.363372929394245
11.860576014965773
12.22092368081212
11.567451350390911
11.783462937921286
10.802804352715611
11.036198738962412
12.045838207006454
11.447962038218975
12.36408076249063
11.330883273854852
11.603177273645997
11.074839871376753
11.853806087747216
12.61445951834321
12.216018490493298
10.804332494735718
11.330914901569486
11.105301328003407
11.82597079128027
10.5191501788795
20.934372052550316
16.813038647174835
15.252555582672358
14.28151224553585
12.881431560963392
13.367137636989355
13.008872218430042
12.813131362199783
13.473361853510141
12.727351568639278
12.555374398827553
13.076378498226404
13.023713365197182
12.907016955316067
13.012810125946999
12.049902061000466
12.545093316584826
12.741900596767664
12.077453522011638
12.84918455220759
12.590913344174623
12.243934631347656
11.43246504291892
12.602607851848006
11.869020000100136
12.734626770019531
12.716075260192156
11.607605032622814
12.844851111993194
12.381651800125837
12.732073411345482
18.461830839514732
13.820784956216812
13.197125390172005
13.314799722284079
11.26475327461958
11.313280656933784
12.528445966541767
10.59882029518485
11.016428049653769
11.850055880844593
11.213572541251779
10.826177548617125
11.173756245523691
11.801902398467064
12.059225365519524
10.820007951930165
11.292127316817641
11.135588694363832
12.142672361806035
11.496936487033963
10.820474997162819
9.717115953564644
10.723013183102012
11.00982791557908
11.496599312871695
10.120627157390118
11.01103275641799
10.440186651423573
10.621725428849459
11.7938690520823
11.523970611393452
17.77505113556981
12.887034222483635
12.068118926137686
11.125456912443042
11.333366410806775
11.502375803887844
10.715530704706907
11.964905051514506
11.266882964409888
10.621342718601227
10.51493863388896
10.975499569438398
10.788485351018608
9.705142820253968
10.167087899520993
10.896066324785352
10.020283456891775
10.677729740738869
10.534566055983305
10.577001821249723
11.56685932353139
11.906204544007778
10.64544965326786
10.600170888006687
10.680820185691118
11.112144589424133
9.984755624085665
10.55919693224132
10.208568187430501
9.98517495021224
10.715698828920722
21.129405960440636
15.293588135391474
14.108725860714912
13.246091494336724
12.629712760448456
12.2741630487144
11.57293613255024
11.911798862740397
11.626646526157856
11.43016041815281
11.589056733995676
11.310103442519903
11.847205240279436
11.611385196447372
11.827799927443266
11.76664562523365
11.195305982604623
11.017465023323894
11.491515938192606
11.591794872656465
10.385212767869234
11.888669598847628
11.443857830017805
10.6384785361588
11.68437416665256
11.404348701238632
11.5050392113626
11.38926200941205
11.399159986525774
11.389601398259401
10.659337889403105
17.030439473688602
13.181648954749107
11.713580498471856
10.576222982257605
10.608973309397697
11.655744585208595
11.152397660538554
10.425036206841469
9.76479092054069
9.47401293180883
10.942849773913622
10.048458401113749
9.504972580820322
10.177441135048866
10.170961864292622
10.743347372859716
10.155846785753965
9.343827836215496
10.373712444677949
10.58105455711484
9.608929615467787
8.95058940909803
10.49071922339499
10.201414560899138
10.737858045846224
10.039279520511627
10.046515168622136
9.095830978825688
9.665250344201922
9.912255719304085
9.942642595618963
16.120422959327698
12.290634397417307
10.916873399168253
10.933317815884948
10.906606405973434
10.45718128979206
9.911874741315842
10.257041320204735
10.189287964254618
9.948108804412186
10.178730212152004
10.553024716675282
9.534471977502108
10.063584053888917
9.25557784177363
9.975807609036565
9.40306718274951
9.18786745145917
10.16444344073534
9.661740757524967
9.16588681936264
9.539513252675533
9.231736667454243
9.200664606876671
9.871212868951261
9.379604367539287
10.090105002745986
9.415995178744197
9.112440248951316
9.805610378272831
9.36254340596497
18.007198493927717
12.871459349989891
11.708609353750944
12.385686494410038
11.787845969200134
11.96804309822619
10.695148464292288
10.569004965946078
9.864501483738422
11.216146217659116
10.766109054908156
10.105511141940951
10.307052452117205
10.28882853500545
11.149536617100239
10.607442919164896
10.556672152131796
10.456797933205962
9.983518596738577
10.849762052297592
10.624685015529394
10.53679708018899
9.953129429370165
10.17706709727645
10.252001332119107
10.833484891802073
10.441644357517362
10.82881896942854
10.295678691007197
10.222047481685877
9.56264447234571
15.645450238138437
11.94057654030621
11.539238594472408
10.135198691859841
9.999974738806486
9.378162590786815
9.925060298293829
9.281711481511593
8.975079342722893
9.08069477044046
8.556329168379307
9.066336072981358
9.049942705780268
9.438660813495517
8.971345032565296
9.41561371088028
8.915402475744486
9.562107761390507
8.403542885556817
8.531028484925628
8.780745588243008
9.543355177156627
9.034573026001453
8.94059382006526
8.670502441003919
9.838754205033183
8.524851961061358
8.486347516067326
8.6770448833704
8.844212468713522
9.770302365534008
15.139088328927755
11.84339009411633
10.129783537238836
9.376800809055567
9.857251828536391
8.96479001827538
9.752232318744063
9.110485788434744
8.613819010555744
8.797630096785724
8.765241613611579
9.215822510421276
9.250637691468
8.9589241752401
8.956531997770071
8.7880031876266
9.081336116418242
8.989800680428743
8.271887449547648
8.891290498897433
8.988939447328448
9.182016991078854
9.278475895524025
8.104043665342033
8.654352951794863
9.154728500172496
8.133181896060705
7.8513644859194756
8.715674428269267
8.950769087299705
8.956753734499216
17.452470161020756
14.333399597555399
11.901295807212591
9.87987806648016
10.527628542855382
10.888540230691433
10.292075257748365
9.83469194918871
9.57903781812638
9.367323376238346
9.412387769669294
9.689676199108362
9.254810098558664
9.492951024323702
9.63000620342791
9.225695841014385
9.825149489566684
9.07936143875122
9.938933853060007
8.830214619636536
9.087767168879509
10.137626107782125
9.312407866120338
9.311354998499155
8.749006569385529
8.44282688293606
8.989106892608106
9.196237325668335
9.361574763432145
9.77093780785799
9.441815830767155
15.550126783549786
10.386169333010912
9.55701700784266
9.378184707835317
8.997992973774672
9.100020077079535
8.261123806238174
8.525334231555462
8.316090986132622
7.764826669357717
7.607365263625979
7.989263183437288
7.682440282776952
8.496613014489412
8.385227078571916
8.52900692820549
8.662102213129401
8.068510894663632
8.443473144434392
8.545769080519676
7.845856173895299
9.181891839951277
8.908148888498545
9.354686396196485
8.348368569277227
8.58761859126389
7.575847068801522
7.934517779387534
8.538409506902099
7.78401402849704
7.9555446077138186
14.939539408311248
9.86443876195699
9.750384230166674
8.456703539937735
9.157908948138356
8.403893698006868
7.648169649764895
8.19910379871726
8.667223194614053
8.60158358886838
7.515023626387119
7.992754096165299
8.60787371918559
8.355359783396125
7.595016377046704
8.150024253875017
7.536650380119681
8.782167735509574
7.802220515906811
7.777668233960867
8.010521899908781
7.565943642519414
8.257351847365499
8.19669828005135
7.769883370026946
8.055906905792654
8.682294370606542
8.876924939453602
7.703509985469282
8.576189782470465
7.509680937975645
19.06887909770012
11.372527290135622
9.940368818119168
11.326577212661505
10.146434932947159
9.073090687394142
9.061639308929443
8.957736240699887
9.13512884825468
7.744371704757214
8.695862488821149
9.175010859966278
8.424376122653484
8.288166968151927
8.113567223772407
8.748645374551415
8.772164586000144
8.65050688199699
8.729683130979538
8.454730037599802
8.671407479792833
8.117315066978335
9.047792583703995
8.502872176468372
8.883246444165707
8.124702978879213
8.902796782553196
8.815933726727962
7.975755026564002
9.137914568185806
8.803480550646782
14.9107081964612
10.063655089586973
8.273172449320555
8.767037043347955
8.463442703709006
8.091534483246505
8.80695903673768
8.44065604917705
8.113958673551679
7.221971720457077
8.091178946197033
7.881969602778554
7.679616623558104
7.399198029190302
6.721835687756538
7.975471623241901
7.435240305960178
7.614580827765167
7.301705698482692
7.40511335618794
7.5763061214238405
8.05720095615834
7.0699256509542465
7.281705794855952
7.300178463570774
6.97960910666734
7.350193865597248
7.318974871188402
8.023282680660486
8.03022775799036
8.140700062736869
14.528054079040885
9.582259185612202
8.02874369546771
8.941676739603281
8.285293611697853
7.950006393715739
6.92741734534502
7.240725397132337
6.835034843534231
6.674533230252564
8.382282664999366
7.8473649602383375
7.1101743672043085
7.050455286167562
7.414814478717744
7.536227976903319
7.982165968045592
6.824332905001938
7.517420580610633
7.107254627160728
7.410125678405166
7.046948243863881
7.567362068220973
7.6664375346153975
7.731483303941786
7.746475372463465
6.607667359523475
7.158418200910091
7.456630585715175
7.78833654243499
7.574260748922825
17.772614877671003
10.000569719821215
10.000605558976531
8.629733747802675
8.962840871885419
8.275562246330082
8.893566332757473
7.543328198604286
8.262416051700711
8.130781583487988
8.336072242818773
7.056148024275899
9.247405426576734
7.483880156651139
8.279465517960489
7.788329511880875
7.728040715679526
7.445339826866984
7.590322634205222
8.579678890295327
7.872329456731677
8.439889438450336
7.74964979570359
8.586691679432988
8.128825647756457
8.58699710201472
8.385891260579228
7.699353989213705
7.7863894328475
7.877236273139715
7.920164996758103
13.707195475697517
9.958731086924672
9.157465189695358
8.407494554296136
7.163263137452304
6.629226738587022
7.151367351412773
6.778666117228568
7.186376082710922
8.060324946418405
6.737725185230374
7.516502695158124
6.954031458124518
6.98047829605639
7.5740416487678885
6.915529310703278
7.315265127457678
7.433018694631755
7.41369248367846
7.333189450204372
6.790713091380894
6.38580893818289
7.18573063146323
7.343772588297725
7.418760021217167
7.095615933649242
6.964986079372466
7.032561586238444
7.164941588416696
6.776779976673424
7.264489815570414
14.447060933336616
9.12465649843216
7.874327396042645
7.285790262743831
7.3842642633244395
7.030740551650524
7.990694670937955
7.670911226421595
6.89542799256742
7.427663896232843
6.770368428900838
6.212544664740562
6.907195848412812
5.899883174337447
6.067168249748647
6.734863255172968
5.876549638807774
7.71103873103857
7.203179340809584
7.123149803839624
6.445835697464645
7.370419641956687
6.662700065411627
6.186292245052755
7.2791144866496325
6.4692859295755625
8.231042155064642
8.090685782022774
8.344924808479846
7.498684866353869
6.911175072193146
18.141324935480952
10.417606202885509
8.905758274719119
8.292556995525956
8.36363291926682
7.614604894071817
7.464581524953246
7.252353608608246
7.924853214994073
7.426590324379504
7.756633725017309
8.015736732631922
6.250189373269677
7.500719561241567
7.134817005135119
7.0078176986426115
7.3797662034630775
6.807237116619945
6.602158208377659
7.202506238594651
6.811230977065861
6.470298704691231
6.988134905695915
7.515061947517097
8.487501788884401
8.106205014511943
6.507620207965374
7.34897921141237
7.306683505885303
7.258133905939758
7.593002895824611
13.600683035328984
9.01318964548409
7.8103953544050455
7.694523133337498
6.162696767598391
6.8656039563938975
6.31926158349961
7.134239756502211
6.718947580084205
7.074654503725469
7.495718149468303
6.616024117916822
6.607489917427301
6.149097240529954
6.825227099470794
6.1916924165561795
6.817667637951672
6.649265894666314
6.1705261915922165
6.823167651891708
6.758894913829863
6.022147390991449
5.791826853528619
6.389294379390776
6.883872178383172
7.318791578523815
6.902084262110293
6.864076028577983
6.665783897973597
6.1221477361395955
6.616493651643395
13.82169895991683
9.50866518728435
7.750016842037439
7.091560937464237
7.253774420358241
7.348968234844506
6.4116930197924376
7.322556408122182
6.549407348968089
6.184424042701721
5.520186132751405
6.758779987692833
7.0619697673246264
6.931262380443513
6.744622325524688
6.629051567055285
6.272486738860607
6.689989727921784
6.3287275759503245
6.49810328707099
6.033133349381387
6.84915070887655
6.445371248759329
6.221861075609922
5.815020762383938
6.509686370380223
7.047377557493746
7.307846652343869
6.240706625394523
6.900069038383663
6.197664123028517
17.571243561804295
10.26742941327393
8.369944483041763
9.306467559188604
8.698090786114335
8.347754552960396
7.274184659123421
7.407772708684206
7.538543961942196
6.7817565044388175
6.638005245476961
7.757368806749582
7.028097760863602
7.054774239659309
6.63158355653286
7.25526574999094
7.143215066753328
7.203746057115495
6.738988442346454
7.339750163257122
7.053574103862047
6.3289660243317485
7.638082925230265
7.660235404036939
6.5359419248998165
7.071294650435448
6.6257565300911665
7.703431764617562
6.493263156153262
6.466353329829872
7.007836002856493
13.621471520513296
7.6777629209682345
7.684718884527683
7.148634288460016
7.261811387725174
6.824732800014317
6.654895597137511
6.2496228981763124
6.490778733044863
5.9612567108124495
6.0064717419445515
6.021714026108384
5.746411113999784
5.780642729252577
6.384305446408689
6.10277349408716
6.497462648898363
6.150153690949082
7.25366722792387
6.182177051901817
6.523983418941498
6.583834485150874
6.471375341527164
6.133673779666424
6.004255196079612
6.229187115095556
5.572754446417093
6.016375341452658
5.952920622192323
6.370281904004514
6.798898315988481
13.518716093152761
7.478985603898764
6.866976033896208
7.058331280946732
6.495848160237074
6.920266844332218
6.054600599221885
5.962016752921045
7.122523040510714
7.166887678205967
6.473915091715753
5.5508665246888995
6.547870960086584
5.439935304224491
5.072171966545284
6.1979053961113095
5.854395208880305
6.571948799304664
6.004666370339692
5.961015317589045
5.552081726491451
6.024095257744193
6.010572348721325
6.094280891120434
5.847152100875974
6.770563066937029
6.110056605190039
5.977719701826572
5.823188843205571
6.31904087588191
6.903521681204438
16.453307807445526
10.568980349227786
7.89965886157006
7.134975716471672
7.757921634241939
7.779475873336196
6.9388568717986345
6.810246150940657
6.3453151769936085
6.6925459848716855
7.306687048636377
6.801458346657455
6.0454771826043725
6.248321154154837
6.801596059463918
6.695753742940724
6.951339932158589
6.595341814681888
6.658857733011246
6.820624904707074
6.786930231377482
6.236640848219395
6.58055161871016
6.823623351752758
6.213407125324011
6.248514832928777
6.998493615537882
6.7161449529230595
6.5497247986495495
5.72985016182065
7.286064172163606
12.258341610431671
8.403773644939065
6.391141248866916
7.159554356709123
6.775843263603747
6.393121656961739
5.6800649194046855
6.626551643013954
6.775663739070296
5.947766529396176
5.571189855225384
6.19774195831269
6.61550582293421
5.442802902311087
6.119072940200567
5.623992625623941
5.069128992967308
5.88716393429786
5.194819741882384
5.816527345217764
6.196039593778551
7.268892111256719
5.890538496896625
5.773413457907736
5.903848499991
4.985737286508083
5.695556367747486
7.063696197234094
6.863555201329291
5.671405050903559
6.561666536144912
15.02754120901227
7.33287962526083
7.810681700706482
7.017261326313019
6.4684347826987505
5.958450552076101
5.856687375344336
5.961772533133626
5.799818741157651
6.438311994075775
6.097510343417525
5.70267834700644
5.842421646229923
6.288580609485507
5.992922552861273
6.349179949611425
5.803343330509961
5.1053461926057935
5.853545190766454
5.898971110582352
6.173265722580254
6.377616584300995
5.482232436537743
5.586593704298139
5.684503220953047
5.805390900932252
6.325391655787826
5.542947538197041
6.2686687419191
6.045233272947371
5.911585694178939
15.815492935478687
8.884550116956234
7.679714132100344
7.170760927721858
6.567888940684497
6.012871426530182
7.392560398206115
7.14353590644896
6.411094827577472
6.779063717462122
6.784750487655401
6.040062324143946
6.115913045592606
6.7396053820848465
5.981340736150742
5.458910569548607
5.437764431349933
6.214988032355905
5.853834909386933
6.05829671304673
6.959816153161228
6.530353896319866
5.938933678902686
6.195211574435234
6.392538241110742
6.430529826320708
5.596889758482575
6.254738305695355
6.729010492563248
6.211355310864747
6.1801490085199475
11.986660338938236
7.875125759281218
7.212458744645119
5.927175933495164
6.463238967582583
5.961942167021334
5.709955481812358
5.826609413139522
5.241985491476953
5.2676868215203285
5.563738430850208
5.149926792830229
5.8572820499539375
5.4586253790184855
5.116136529482901
5.7406190019100904
5.9136359095573425
5.5721866665408015
5.260974643751979
5.399114006198943
6.717987488955259
5.488635205663741
5.526562261395156
6.266121176071465
4.724304406903684
5.4868457689881325
6.407231669872999
6.135650523006916
5.591580023989081
4.97421136405319
6.019609900191426
14.491099806502461
8.566993217915297
7.215223296545446
5.970547555945814
6.0742985075339675
6.300762802362442
6.102479498833418
6.2157671405002475
5.899932833388448
6.019876541569829
5.685388980433345
5.550309926271439
5.337294636294246
5.5656267842277884
5.317032243125141
6.021975983865559
4.725892109796405
5.223699690774083
5.3958254139870405
5.379554837942123
4.823336970061064
5.653489403426647
6.083097819238901
5.734879367053509
5.406448752619326
5.799985950812697
5.995810081250966
5.64588859397918
5.428732172586024
4.662459841929376
5.106389758177102
15.21037957444787
8.293484857305884
7.4590271497145295
7.246908755041659
6.038581369444728
7.3217569179832935
6.724925184622407
5.980077443644404
6.508562828414142
6.372507285326719
5.604175440967083
6.383352853357792
6.154220885597169
5.711622222326696
5.643948830664158
5.390119139105082
5.859111757017672
6.171499182470143
5.635237772017717
6.075455858372152
6.8700891034677625
6.334546082653105
5.9864939814433455
5.571057863533497
5.963704274967313
5.736273690126836
5.948633316904306
6.900386641733348
5.6980753829702735
6.257006965577602
5.917864857241511
12.57156683318317
7.728654632344842
7.119723903015256
5.898616292513907
5.890696628019214
6.347694102674723
5.597282147035003
6.376179977320135
5.676328614354134
5.481849467381835
5.150701421312988
5.617727966979146
5.539914388209581
5.439989540725946
5.504300381988287
4.997722813859582
5.337517819367349
5.214556946419179
5.345247022807598
5.368939958512783
5.572765834629536
5.091079582460225
5.429398451931775
4.972368590533733
5.039468562230468
5.254872439429164
5.761985978111625
5.40642134193331
5.481339286547154
5.226492268033326
5.983421242795885
13.535890800878406
7.333377220667899
5.963184239342809
5.641697061248124
5.797893417999148
5.724322393536568
5.6612194292247295
5.529392531141639
5.223029190674424
6.3316094586625695
5.579168572090566
5.39297647215426
4.6309464843943715
5.30352443177253
5.789441433735192
5.917058895342052
6.100736424326897
5.81209160387516
5.263872331939638
5.70727997738868
5.642061689868569
5.540854326449335
5.659160730428994
4.990619412623346
5.313328471966088
5.387013174593449
5.229641752317548
5.317691567353904
4.540386290289462
5.666304141283035
5.958179933018982
15.966537240892649
8.648303305730224
7.589035494253039
6.689404245465994
6.2159664779901505
6.924858048558235
5.783383880741894
5.756194754503667
6.232752318494022
6.122416934464127
5.837690971791744
5.786230593919754
5.8668833607807755
6.450060116127133
5.499614798463881
5.912044397555292
4.649179154075682
5.818104485049844
5.860023891553283
5.506167686544359
5.662484696134925
6.058723093941808
5.682502283714712
6.15900815371424
5.904989255592227
6.793607200495899
5.777764023281634
5.444382927380502
6.541485442779958
5.790339979343116
6.480815997347236
12.088598737493157
7.767717154696584
6.418362441472709
5.678791190497577
5.77640425786376
5.776378130540252
5.6890071304515
5.1120340675115585
5.621794743463397
5.350129311904311
5.609995257109404
5.601339861750603
5.296163250692189
5.332268134690821
5.0966777484864
4.7622040417045355
5.011307816952467
4.338238675147295
5.301618194207549
5.477615075185895
5.335249779745936
4.882212163880467
5.170239531435072
5.864365455694497
4.776051075663418
5.7649884866550565
4.879432927817106
5.134584902785718
5.493027945049107
5.25196442566812
4.969868206419051
12.953740029595792
8.025345008820295
6.459254618734121
5.774018844589591
5.683009281754494
5.657863055821508
5.275851256214082
5.335788295604289
5.212621273472905
5.866151255555451
5.800435743294656
5.3418752225115895
5.354423742741346
5.095211075618863
5.499347819946706
5.304153637960553
5.540030772797763
5.334964430890977
5.259296702221036
5.858121242374182
4.737854288890958
5.116072783246636
6.087927139364183
5.850635253824294
5.090933320112526
4.796008062548935
5.529324576258659
5.433665390126407
5.110139579512179
5.739160940051079
5.375469335354865
16.12046901602298
8.077014297246933
7.626914421096444
5.774647515267134
6.411507417447865
5.8349665850400925
5.6290996400639415
6.013857419602573
4.94423839263618
4.564255333505571
6.186060097999871
6.44475900568068
5.7928509237244725
5.807667201384902
4.996113666333258
5.9172406401485205
6.5298213586211205
5.817185978405178
5.967567538842559
5.9826184110715985
5.00989041198045
5.5811049612239
5.177029998973012
5.549683780409396
6.010208482854068
5.541668854653835
5.531219942495227
5.936524895951152
6.275207013823092
5.592991224490106
6.1729472586885095
12.293343015015125
7.155102012678981
6.3986916951835155
6.042946363799274
5.706141692586243
6.19770273566246
5.5548684522509575
4.567198884673417
5.704214932397008
5.361498117446899
4.842184885405004
4.613197104074061
4.490135380998254
4.929600629024208
5.490207272581756
5.066325647756457
5.521709957160056
5.089779595844448
4.988081680610776
4.347337191924453
5.252635633572936
5.268414639867842
4.901080192998052
4.528303234837949
5.583713599480689
6.0812518345192075
5.131048786453903
4.687317742034793
4.795566238462925
5.298916659317911
5.386949517764151
