59.29566740989685
47.829276978969574
45.93889898061752
45.728106051683426
42.79688407480717
42.571563735604286
41.20212349295616
42.30840574204922
39.101702734827995
37.41020725667477
38.13429357111454
37.47477850317955
36.40104728937149
37.044597923755646
36.22368948161602
35.11555242538452
34.66074651479721
34.89146476984024
35.84901936352253
35.77411492168903
33.71245549619198
33.781129866838455
32.66056479513645
35.43423442542553
34.152882382273674
33.27961041033268
34.19977442920208
32.76372775435448
33.45065902173519
31.452943056821823
31.396165430545807
35.71424813568592
32.82929231226444
31.705550521612167
31.598259538412094
30.928577914834023
31.27493603527546
31.00286267697811
30.36028702557087
30.528118282556534
30.27009317278862
29.772165656089783
29.917824268341064
29.00895293056965
28.53773494064808
30.001544892787933
28.865993544459343
27.86867070198059
28.489751383662224
27.46246375143528
28.09840802848339
29.003054037690163
28.651384435594082
28.794159218668938
27.44591036438942
28.353831328451633
26.829928532242775
28.506410017609596
27.95229932665825
26.47188127040863
27.316312953829765
26.74165292084217
33.7486007809639
33.2459497153759
31.93218982219696
33.14763554930687
30.317968547344208
31.1522059738636
32.037897765636444
30.935023680329323
29.119646728038788
30.729277402162552
28.67545522749424
30.541474252939224
29.902459040284157
29.191608890891075
30.276355981826782
28.518942520022392
29.066634580492973
29.73499444127083
30.4253708422184
28.793185204267502
28.272164471447468
27.405102849006653
28.015875473618507
28.021366506814957
28.116293027997017
27.43450877070427
26.836345091462135
29.005409702658653
27.85457542538643
27.566421046853065
33.24168410897255
30.64040718972683
30.97744555771351
29.61731581389904
28.576606258749962
28.932002499699593
28.53456076979637
28.818513363599777
28.658717706799507
28.735869891941547
28.76859340071678
28.94783306121826
28.213401466608047
28.14072260260582
28.139407619833946
28.368122026324272
27.51840428262949
27.145037174224854
26.51979897916317
27.39044824242592
26.570405676960945
27.58669923245907
26.32297845184803
25.812184937298298
27.517223313450813
26.026743158698082
26.50325471907854
26.28875905275345
25.54933398962021
25.82202795892954
26.03551498055458
26.54505242407322
25.830801874399185
25.26185841858387
25.761875204741955
26.888248026371002
24.794777549803257
24.168210476636887
25.05110665410757
25.183474399149418
24.21341709047556
23.8196582198143
24.12087131291628
23.503940537571907
25.316200464963913
24.188205383718014
23.789459444582462
23.674111373722553
23.62158926576376
24.148846238851547
24.709974497556686
23.127887792885303
23.79492788761854
24.051185376942158
23.096037685871124
23.49793190509081
24.75977722555399
22.816746942698956
23.67332848161459
23.32737696915865
23.017263755202293
22.034678988158703
27.753938168287277
27.364650301635265
27.32182367146015
26.577578261494637
25.550438322126865
26.239164382219315
25.367333471775055
26.34850350022316
25.421333491802216
25.748753905296326
24.842641353607178
26.412993289530277
25.246029272675514
24.322674095630646
24.988598376512527
25.320669293403625
24.790336780250072
24.702578827738762
25.102183058857918
25.483095720410347
24.993948861956596
24.186551563441753
24.389266468584538
23.964846700429916
24.145145572721958
23.49583701044321
24.257573679089546
25.667361989617348
23.92780814319849
23.906909815967083
29.492937564849854
25.954939112067223
26.050482109189034
25.76152203977108
25.30007826536894
25.98592320084572
25.421823240816593
25.051207579672337
24.678189873695374
24.019649401307106
25.318069264292717
23.13528436422348
25.6924407184124
23.819801308214664
25.483946621418
23.747740030288696
23.120100513100624
23.976090669631958
24.81823968887329
24.93998731672764
23.369856625795364
22.434069573879242
24.008375644683838
23.494441732764244
23.746132247149944
23.102802574634552
23.138421840965748
24.055929481983185
23.234568625688553
23.47701781988144
23.40555939078331
25.305279284715652
23.781477496027946
22.921847134828568
22.8441950827837
22.63139720261097
21.060899272561073
22.152136527001858
21.89670817553997
21.814937613904476
23.350711807608604
21.37378291040659
22.192643001675606
21.55033255368471
21.169805966317654
22.215971812605858
20.957139499485493
21.602199479937553
21.75916202366352
22.04235167056322
21.155540138483047
20.308812603354454
20.71648398041725
21.361116096377373
21.69951295107603
21.0471580773592
20.60523335635662
20.406168535351753
21.28406298160553
21.76840476691723
19.420465111732483
20.874268107116222
26.779191002249718
24.818231143057346
23.98562417179346
23.18441140651703
22.95870254188776
24.374643705785275
23.443030133843422
23.189037449657917
22.821464978158474
23.81614352762699
23.692440897226334
22.612347275018692
22.794307604432106
22.509697198867798
20.91111871600151
22.30893938243389
22.564944200217724
22.932601898908615
22.155505686998367
22.005095176398754
22.477786727249622
22.55648735910654
22.18300698697567
21.872743226587772
22.097737580537796
22.605323135852814
20.567456431686878
21.43690163642168
20.846309915184975
21.718428380787373
25.658898577094078
24.599202774465084
24.04171673953533
23.114604100584984
24.32641961425543
23.38426398485899
23.435815170407295
22.42446743696928
22.6989888176322
22.74433544278145
23.482116527855396
20.177953973412514
21.037666402757168
22.883496321737766
22.45121931284666
22.06167920678854
21.803715512156487
22.20289457589388
21.639843866229057
21.85161579400301
21.63829930126667
20.805961906909943
21.867433913052082
20.935862317681313
21.253737807273865
20.27934207767248
21.43893851339817
20.51162550598383
20.530381567776203
21.691544711589813
21.421599827706814
23.74410342425108
21.36408841609955
21.18511374294758
21.717444464564323
20.415670063346624
19.894286166876554
18.953572876751423
19.133931256830692
20.211439087986946
20.02603481709957
19.98185805976391
19.294038228690624
20.77006721496582
19.710902556777
19.237940937280655
18.735387578606606
19.910218633711338
19.462413422763348
19.82534286379814
19.243200041353703
19.774125039577484
19.255673110485077
19.36080514639616
19.331429537385702
19.19759578257799
19.864885479211807
19.015621215105057
19.74638542532921
17.82964763045311
19.153460532426834
18.84966629743576
26.058767519891262
22.176672503352165
20.803893856704235
21.728408321738243
20.21361444890499
21.704304970800877
20.613169759511948
20.6753296777606
21.66102547198534
20.476871095597744
21.313758827745914
21.219843447208405
20.30796729028225
19.351846538484097
20.594248801469803
22.060606613755226
20.903100974857807
20.331579111516476
21.368918493390083
20.3675569370389
19.342582002282143
20.35964523255825
21.03168322145939
19.90759328007698
20.434201382100582
19.332449831068516
20.261273995041847
20.500392481684685
20.822163127362728
19.803336277604103
24.915390715003014
21.572262547910213
22.08844270557165
20.89222501218319
21.998859457671642
21.058974906802177
20.337287470698357
19.757633052766323
20.85362881422043
20.387429855763912
21.224681243300438
20.235718362033367
20.748461715877056
20.14973958581686
20.01592167466879
18.984959602355957
19.062582425773144
19.90065509080887
20.270452931523323
19.79363353550434
19.30659858137369
19.698773935437202
19.38606269657612
19.916091069579124
20.02457919716835
20.01263366639614
19.302934288978577
20.370584726333618
19.901096999645233
19.690553676337004
18.642354860901833
21.900592759251595
20.687303498387337
19.96544860675931
18.90229570865631
18.26409450173378
20.085684411227703
18.33095643669367
18.564925841987133
19.193379655480385
17.550503745675087
19.353012390434742
16.973869010806084
16.86764771491289
18.767068047076464
18.224396742880344
17.035231716930866
18.035059422254562
17.600765749812126
18.8399745374918
17.766729682683945
18.358791910111904
17.91326431557536
18.548293344676495
16.817725852131844
18.198507346212864
17.302667811512947
17.28378176689148
17.90784803032875
17.814432181417942
17.188335336744785
17.714847333729267
22.618661731481552
20.734559148550034
19.96206045150757
20.409725353121758
19.796237103641033
19.519689865410328
20.079891227185726
19.940475273877382
18.886984638869762
20.826692506670952
18.24548453092575
19.084474086761475
18.134198889136314
18.730454467236996
18.818876542150974
18.52451591193676
19.475463069975376
19.311743207275867
18.73082882910967
18.76838407665491
19.53589952364564
18.30980411171913
19.28302326798439
19.674479693174362
18.674071297049522
18.500081799924374
20.081348732113838
19.354844838380814
18.329978987574577
19.932884722948074
23.18508429825306
20.477818720042706
20.037657998502254
19.35295206308365
19.818577326834202
19.408701419830322
18.33056066185236
19.092132732272148
19.671034961938858
19.025405675172806
18.487160451710224
17.68823467940092
18.806146524846554
18.8503003641963
17.99553246051073
18.451201859861612
18.974655762314796
18.48352263122797
17.478401340544224
18.999023847281933
18.128829643130302
18.392951883375645
17.866470523178577
18.08337964862585
18.11971355229616
18.881513111293316
17.7159064412117
18.31074281781912
18.26562488079071
17.901157088577747
18.03649041056633
20.125252448022366
17.69375592470169
18.50010808557272
16.7048462331295
17.921743288636208
17.68788207322359
17.608807194978
17.31127593666315
16.765650749206543
16.97623746097088
16.978259794414043
17.359203197062016
16.72516418248415
16.90170405805111
16.2742219902575
17.409065194427967
17.132531844079494
17.132151018828154
17.387183889746666
16.434041261672974
16.52992407232523
15.792482070624828
17.091218665242195
16.72580249235034
16.16283854842186
16.5570627450943
16.06842001527548
15.958512756973505
16.307380482554436
17.250307016074657
15.1418435908854
21.052511774003506
19.53822349011898
19.966627970337868
18.764667071402073
17.9944037348032
18.34257645905018
18.180980294942856
18.428227119147778
18.78566661477089
19.601024128496647
17.707203067839146
17.170527033507824
17.54609079658985
18.107385329902172
17.81236047297716
17.585206255316734
17.225877679884434
16.248759638518095
18.424548115581274
16.918675877153873
16.94795733690262
17.03098751604557
17.597000401467085
18.115164875984192
18.31670270115137
17.67303851991892
17.42913506180048
18.13046108931303
16.791138775646687
17.264649346470833
22.15219697356224
18.109858937561512
19.07642025500536
16.83342833817005
18.245339520275593
18.095148354768753
17.44224337488413
17.865367963910103
17.4391326084733
17.489096835255623
17.63490630686283
17.13415740057826
17.254887215793133
17.469968900084496
16.429785542190075
17.083194129168987
16.255394734442234
17.438612185418606
17.38122633844614
17.076249428093433
16.815013706684113
17.023960515856743
17.163694314658642
16.178849294781685
16.54254799336195
17.381927624344826
17.614099390804768
16.598546743392944
15.647560514509678
17.491091050207615
16.685209684073925
19.839412689208984
16.98160609602928
16.317280247807503
16.49660973250866
15.996807001531124
15.539917729794979
15.904985390603542
16.14303594082594
15.671040590852499
16.004741080105305
15.602458290755749
15.588676258921623
14.378879267722368
15.43857491761446
15.773276939988136
16.330003149807453
15.430591333657503
14.63905618712306
15.728601969778538
15.427835065871477
15.922990515828133
14.317694440484047
15.138062726706266
15.44749652594328
15.24698630720377
14.771903600543737
14.947757102549076
15.47560116276145
15.33075562119484
15.361889235675335
14.940402120351791
20.604729786515236
17.87765296548605
16.735196102410555
16.796386674046516
17.1439416334033
17.23945740610361
17.2843746393919
16.14013083651662
17.198470667004585
16.641281481832266
16.760081317275763
16.457726173102856
16.13890377432108
17.15344149246812
16.262845043092966
16.854753714054823
16.433101937174797
16.225272685289383
15.846869185566902
16.435851231217384
17.190235543996096
16.20695775002241
16.992729410529137
16.45233554393053
16.185052406042814
15.919528976082802
16.138544403016567
16.808265790343285
16.339905850589275
15.63062147796154
20.753800444304943
18.243756510317326
18.353368557989597
16.925326749682426
16.061510421335697
15.638605408370495
16.30871018767357
16.673916198313236
15.685286492109299
15.431633669883013
17.175525818020105
15.22366338968277
15.472570203244686
16.442037269473076
15.206478632986546
15.783709563314915
15.481915533542633
15.843874681741
15.93894786387682
16.284229770302773
16.114989675581455
14.605520270764828
15.484071735292673
16.106218446046114
15.468723084777594
15.72037087008357
15.009634420275688
15.12764886021614
16.145342599600554
15.500738333910704
15.592137418687344
17.359304562211037
15.819223299622536
15.03267165645957
15.02261858060956
14.702079266309738
14.059588734060526
15.063794907182455
14.57081513851881
14.694202307611704
14.395659945905209
14.698247857391834
14.319301396608353
14.129782803356647
15.3385454043746
14.70774445310235
14.868809696286917
14.278744596987963
14.229818187654018
13.235757123678923
14.606932155787945
13.677072003483772
13.513079971075058
14.101972557604313
14.676398918032646
14.63972893357277
13.846041034907103
14.144365478307009
13.784730691462755
13.924370132386684
14.199845027178526
14.515877962112427
19.450466133654118
16.60143480449915
17.305779192596674
14.253134317696095
16.171691838651896
16.11352724954486
15.306879751384258
16.114391267299652
15.85428036749363
16.20787951350212
15.226404771208763
14.773183014243841
15.750850781798363
15.143660642206669
16.159296490252018
15.719193492084742
15.458204124122858
15.218316588550806
14.680484488606453
15.11286325007677
15.330003876239061
15.437445681542158
15.799893528223038
14.822529584169388
14.92031104117632
14.576029039919376
14.488515198230743
15.133535623550415
14.670814216136932
15.012188497930765
19.501115158200264
15.247896984219551
15.371860355138779
16.19464100897312
15.846523374319077
15.925951562821865
14.688028935343027
15.054337628185749
14.81591198593378
14.302186891436577
14.847033150494099
14.649452477693558
14.589400045573711
14.65968069061637
13.737323716282845
14.073313158005476
14.99565227329731
15.312431618571281
14.187333647161722
14.223572827875614
15.219747371971607
15.018274184316397
15.082917645573616
14.178502805531025
14.102793253958225
13.777969881892204
13.851142268627882
14.084182016551495
14.014834068715572
14.951130118221045
14.439747713506222
16.68629838898778
16.295416116714478
14.711470622569323
13.657390475273132
14.247679956257343
14.195313677191734
13.665804907679558
13.025104746222496
12.282452650368214
12.865865640342236
12.962061816826463
12.992496881633997
13.869059156626463
13.119202874600887
13.20662347972393
13.14297379925847
13.106220375746489
12.36577259376645
13.059220004826784
13.007247932255268
13.633103743195534
13.210380911827087
13.299509637057781
12.077414479106665
12.447339940816164
13.041354272514582
14.223356626927853
14.13477286323905
12.239112999290228
12.564564783126116
12.747237846255302
18.575609616935253
16.28080802410841
14.60692709684372
13.813360206782818
15.171890582889318
13.957474894821644
14.443251892924309
14.193557240068913
14.165963888168335
14.406015429645777
14.039981704205275
15.065719421952963
14.587724789977074
13.420139655470848
14.22824726998806
13.773690074682236
13.732883408665657
13.731097035109997
13.27131062746048
13.805080391466618
15.548686020076275
13.567085836082697
14.010389640927315
14.264531675726175
13.74612621217966
14.598881419748068
13.14452926069498
14.292530305683613
13.650019980967045
13.959373772144318
18.231149703264236
16.343134835362434
13.815168660134077
14.302412290126085
14.40537840500474
13.310795810073614
14.136581182479858
13.169071033596992
13.430627435445786
13.949041798710823
12.929832108318806
13.893025934696198
13.048956077545881
13.708401568233967
13.562917705625296
13.172862756997347
12.971075855195522
13.05172523483634
13.015538144856691
14.09341561421752
13.305148035287857
13.374859591946006
12.915819942951202
13.223982002586126
13.823445048183203
13.13179674372077
13.749164059758186
12.332879461348057
13.951531756669283
12.919213194400072
13.335366394370794
15.768283728510141
13.282546054571867
14.16493321210146
13.487206917256117
12.43841828033328
11.748451448976994
12.476232461631298
12.7843212261796
12.27891356870532
12.506866365671158
11.769020579755306
11.612730447202921
12.51563199982047
11.98542034626007
11.264603592455387
11.59608069434762
11.715398013591766
11.999562587589025
12.204344794154167
11.042633064091206
12.469840232282877
12.491267368197441
12.355584256350994
11.769660491496325
12.83822850883007
11.191300518810749
11.902582164853811
11.964351624250412
12.0639639608562
11.879384901374578
12.881919149309397
17.166456267237663
14.02164125815034
14.142403792589903
13.446992199867964
12.875803366303444
12.405625507235527
12.685024291276932
13.571804963052273
12.214496940374374
13.321307733654976
12.682409685105085
12.847800329327583
12.682853776961565
12.824317216873169
12.935854259878397
13.029223304241896
13.322531383484602
13.240031126886606
12.419078070670366
13.378538813441992
12.734814710915089
13.074026461690664
11.896389443427324
12.90458357706666
13.139712642878294
12.184157833456993
13.56295508891344
12.957973692566156
12.743561562150717
13.135155893862247
